ID: 04
Name Arousal-VR
Function SVMGaussianRegression

R: 0.3344314222 with p-val of corr 0.000000
R-square: 0.1118443761
RMSE: 0.2327413042
MSE: 0.0541685147
MAE: 0.1764753671
N* of Features 7
N* of instances 418
