ID: 04
Name Arousal-VRGame1
Function SVMGaussianRegression

R: 0.6747713547 with p-val of corr 0.000000
R-square: 0.4553163811
RMSE: 0.1834492352
MSE: 0.0336536219
MAE: 0.1277972157
N* of Features 4
N* of instances 228
