ID: 04
Name Valence-VRGame1
Function SVMGaussianRegression

R: 0.6513082304 with p-val of corr 0.000000
R-square: 0.4242024110
RMSE: 0.1663310273
MSE: 0.0276660106
MAE: 0.1143400980
N* of Features 4
N* of instances 228
