ID: 04
Name Valence-VRGame2
Function SVMGaussianRegression

R: 0.8906014497 with p-val of corr 0.000000
R-square: 0.7931709421
RMSE: 0.1065576494
MSE: 0.0113545326
MAE: 0.0789827924
N* of Features 4
N* of instances 190
