ID: 08
Name Valence-VRGame2
Function GaussianProcessRegression

R: 0.7586190736 with p-val of corr 0.000000
R-square: 0.5755028989
RMSE: 0.2935713442
MSE: 0.0861841341
MAE: 0.1900738483
N* of Features 5
N* of instances 170
