ID: 27
Name Arousal-Player
Function SVMLinearRegression

R: 0.6151163728 with p-val of corr 0.000000
R-square: 0.3783681521
RMSE: 0.2792545426
MSE: 0.0779830996
MAE: 0.2196582732
N* of Features 10
N* of instances 771
