ID: 27
Name Valence-Player
Function SVMLinearRegression

R: 0.6316234719 with p-val of corr 0.000000
R-square: 0.3989482103
RMSE: 0.2631324522
MSE: 0.0692386874
MAE: 0.1976988015
N* of Features 14
N* of instances 771
