ID: 32
Name Arousal-VRGame1
Function GaussianProcessRegression

R: 0.8807022153 with p-val of corr 0.000000
R-square: 0.7756363920
RMSE: 0.1846155318
MSE: 0.0340828946
MAE: 0.1231454253
N* of Features 5
N* of instances 203
