ID: 32
Name Valence-VRGame2
Function GaussianProcessRegression

R: 0.9401785046 with p-val of corr 0.000000
R-square: 0.8839356206
RMSE: 0.0692777692
MSE: 0.0047994093
MAE: 0.0325211169
N* of Features 5
N* of instances 180
