ID: 14
Name Arousal-Player
Function LinearRegression

R: 0.0414868264 with p-val of corr 0.188361
R-square: 0.0017211568
RMSE: 0.2649427532
MSE: 0.0701946625
MAE: 0.2046943900
N* of Features 8
N* of instances 1007
