ID: 14
Name Valence-Player
Function LinearRegression

R: 0.1874294578 with p-val of corr 0.000000
R-square: 0.0351298016
RMSE: 0.3760442823
MSE: 0.1414093023
MAE: 0.3259939024
N* of Features 8
N* of instances 1007
