ID: 02
Name Arousal-VR
Function LinearRegression

R: 0.3138693934 with p-val of corr 0.000000
R-square: 0.0985139961
RMSE: 0.2228166444
MSE: 0.0496472570
MAE: 0.1828506252
N* of Features 5
N* of instances 460
