ID: 02
Name Valence-VRGame2
Function LinearRegression

R: 0.0048502534 with p-val of corr 0.946486
R-square: 0.0000235250
RMSE: 0.3301168566
MSE: 0.1089771390
MAE: 0.2517593568
N* of Features 5
N* of instances 194
