ID: 40
Name Arousal-VR
Function BoostTreeRegression

R: 0.6938169753 with p-val of corr 0.000000
R-square: 0.4813819951
RMSE: 0.2002760757
MSE: 0.0401105065
MAE: 0.1512656522
N* of Features 8
N* of instances 476
