ID: 40
Name Arousal-VRGame2
Function BoostTreeRegression

R: 0.5892586829 with p-val of corr 0.000000
R-square: 0.3472257953
RMSE: 0.2169380604
MSE: 0.0470621221
MAE: 0.1700150454
N* of Features 7
N* of instances 246
