ID: 22
Name Arousal-NOVRGame2
Function SVMGaussianRegression

R: 0.8402088740 with p-val of corr 0.000000
R-square: 0.7059509519
RMSE: 0.1628935041
MSE: 0.0265342937
MAE: 0.0942722161
N* of Features 5
N* of instances 199
