ID: 22
Name Valence-NOVRGame2
Function SVMGaussianRegression

R: 0.5544511591 with p-val of corr 0.000000
R-square: 0.3074160878
RMSE: 0.3663466651
MSE: 0.1342098790
MAE: 0.2215224091
N* of Features 5
N* of instances 199
