ID: 22
Name Valence-NOVR
Function SVMGaussianRegression

R: 0.4328065736 with p-val of corr 0.000000
R-square: 0.1873215302
RMSE: 0.4490010782
MSE: 0.2016019682
MAE: 0.2889575558
N* of Features 9
N* of instances 439
