ID: 26
Name Valence-NOVRGame1
Function LinearRegression

R: 0.1049508544 with p-val of corr 0.155102
R-square: 0.0110146818
RMSE: 0.1799902932
MSE: 0.0323965056
MAE: 0.1330523502
N* of Features 8
N* of instances 185
