ID: 16
Name Arousal-NOVR
Function GaussianProcessRegression

R: 0.9217589309 with p-val of corr 0.000000
R-square: 0.8496395266
RMSE: 0.1251528252
MSE: 0.0156632297
MAE: 0.0669385377
N* of Features 5
N* of instances 378
