ID: 17
Name Valence-VRGame2
Function BoostTreeRegression

R: 0.8827495652 with p-val of corr 0.000000
R-square: 0.7792467949
RMSE: 0.2107315879
MSE: 0.0444078021
MAE: 0.1450210349
N* of Features 2
N* of instances 169
