ID: 17
Name Valence-VRGame1
Function BoostTreeRegression

R: 0.9606693678 with p-val of corr 0.000000
R-square: 0.9228856342
RMSE: 0.1326645195
MSE: 0.0175998747
MAE: 0.0786125426
N* of Features 5
N* of instances 178
