ID: 40
Name Arousal-NOVRGame2
Function GPRardrationalquadraticNOAUTOTUNING

R: 0.8358650952 with p-val of corr 0.000000
R-square: 0.6986704574
RMSE: 0.2061444198
MSE: 0.0424955218
MAE: 0.1500342637
N* of Features 4
N* of instances 255
