ID: 40
Name Valence-NOVRGame1
Function GPRardrationalquadraticNOAUTOTUNING

R: 0.9694008004 with p-val of corr 0.000000
R-square: 0.9397379119
RMSE: 0.1670221549
MSE: 0.0278964002
MAE: 0.1080790364
N* of Features 7
N* of instances 365
