ID: 18
Name Arousal-VR
Function RandomForestRegression

R: 0.9538886452 with p-val of corr 0.000000
R-square: 0.9099035475
RMSE: 0.1864404457
MSE: 0.0347600398
MAE: 0.1228766466
N* of Features 8
N* of instances 385
