ID: 18
Name Valence-VRGame2
Function RandomForestRegression

R: 0.9288670527 with p-val of corr 0.000000
R-square: 0.8627940017
RMSE: 0.2329098508
MSE: 0.0542469986
MAE: 0.1634386392
N* of Features 5
N* of instances 202
