ID: 08
Name Arousal-VRGame2
Function SVMLinearRegression

R: 0.4342893993 with p-val of corr 0.000000
R-square: 0.1886072823
RMSE: 0.4216091334
MSE: 0.1777542614
MAE: 0.3253986569
N* of Features 7
N* of instances 170
