ID: 08
Name Valence-VR
Function SVMLinearRegression

R: 0.1473843553 with p-val of corr 0.001869
R-square: 0.0217221482
RMSE: 0.4624186450
MSE: 0.2138310033
MAE: 0.2912806720
N* of Features 6
N* of instances 443
