ID: 25
Name Valence-VRGame1
Function SVMGaussianRegression

R: 0.2196992555 with p-val of corr 0.000577
R-square: 0.0482677629
RMSE: 0.5108094094
MSE: 0.2609262527
MAE: 0.3971917976
N* of Features 10
N* of instances 242
