ID: 25
Name Valence-VRGame2
Function SVMGaussianRegression

R: 0.7299436981 with p-val of corr 0.000000
R-square: 0.5328178024
RMSE: 0.2420072928
MSE: 0.0585675298
MAE: 0.1634185837
N* of Features 4
N* of instances 180
