ID: 19
Name Valence-NOVRGame1
Function BoostTreeRegression

R: 0.8333120011 with p-val of corr 0.000000
R-square: 0.6944088912
RMSE: 0.2126155945
MSE: 0.0452053910
MAE: 0.1567388340
N* of Features 7
N* of instances 190
