ID: 36
Name Valence-VR
Function BoostTreeRegression

R: 0.7799597390 with p-val of corr 0.000000
R-square: 0.6083371944
RMSE: 0.1722464684
MSE: 0.0296688459
MAE: 0.1265515765
N* of Features 8
N* of instances 405
