ID: 31
Name Arousal-NOVRGame2
Function SVMLinearRegression

R: 0.7027208566 with p-val of corr 0.000000
R-square: 0.4938166023
RMSE: 0.3034976791
MSE: 0.0921108412
MAE: 0.2592763103
N* of Features 4
N* of instances 219
