ID: 31
Name Arousal-NOVR
Function SVMLinearRegression

R: 0.7877704124 with p-val of corr 0.000000
R-square: 0.6205822226
RMSE: 0.3004507525
MSE: 0.0902706547
MAE: 0.2436571666
N* of Features 5
N* of instances 413
