ID: 24
Name Arousal-VR
Function BoostTreeRegression

R: 0.5926941768 with p-val of corr 0.000000
R-square: 0.3512863872
RMSE: 0.2998463004
MSE: 0.0899078039
MAE: 0.2418531487
N* of Features 7
N* of instances 395
