ID: 24
Name Valence-VRGame1
Function BoostTreeRegression

R: 0.8317391799 with p-val of corr 0.000000
R-square: 0.6917900634
RMSE: 0.2159944270
MSE: 0.0466535925
MAE: 0.1585393930
N* of Features 6
N* of instances 211
