ID: 24
Name Valence-VR
Function BoostTreeRegression

R: 0.7770003466 with p-val of corr 0.000000
R-square: 0.6037295387
RMSE: 0.2226611524
MSE: 0.0495779888
MAE: 0.1585583042
N* of Features 8
N* of instances 395
