ID: 17
Name Arousal-Player
Function RandomForestRegression

R: 0.9404915201 with p-val of corr 0.000000
R-square: 0.8845242994
RMSE: 0.1748129261
MSE: 0.0305595591
MAE: 0.1299642693
N* of Features 6
N* of instances 707
