ID: 23
Name Arousal-VR
Function GPRardrationalquadraticNOAUTOTUNING

R: 0.9578053117 with p-val of corr 0.000000
R-square: 0.9173910151
RMSE: 0.0643271470
MSE: 0.0041379818
MAE: 0.0377720641
N* of Features 8
N* of instances 855
