ID: 23
Name Valence-VRGame2
Function GPRardrationalquadraticNOAUTOTUNING

R: 0.9050978251 with p-val of corr 0.000000
R-square: 0.8192020730
RMSE: 0.1259974701
MSE: 0.0158753625
MAE: 0.0619762085
N* of Features 5
N* of instances 523
