ID: 23
Name Valence-VRGame1
Function GPRardrationalquadraticNOAUTOTUNING

R: 0.8532119109 with p-val of corr 0.000000
R-square: 0.7279705649
RMSE: 0.2556675973
MSE: 0.0653659203
MAE: 0.1788993986
N* of Features 8
N* of instances 332
