ID: 03
Name Arousal-VRGame2
Function LinearRegression

R: 0.2830256355 with p-val of corr 0.000129
R-square: 0.0801035104
RMSE: 0.2210650300
MSE: 0.0488697475
MAE: 0.1752385195
N* of Features 1
N* of instances 178
