ID: 03
Name Valence-VRGame2
Function LinearRegression

R: 0.0000973124 with p-val of corr 0.998971
R-square: 0.0000000095
RMSE: 0.4021604381
MSE: 0.1617330180
MAE: 0.3175284539
N* of Features 9
N* of instances 178
