ID: 04
Name Valence-NOVRGame1
Function GaussianProcessRegression

R: 0.9601209274 with p-val of corr 0.000000
R-square: 0.9218321952
RMSE: 0.0537205852
MSE: 0.0028859013
MAE: 0.0335332851
N* of Features 5
N* of instances 184
