ID: 19
Name Valence-NOVR
Function GaussianProcessRegression

R: 0.9042389482 with p-val of corr 0.000000
R-square: 0.8176480754
RMSE: 0.1462582427
MSE: 0.0213914735
MAE: 0.0921232418
N* of Features 8
N* of instances 375
