ID: 02
Name Arousal-NOVR
Function GaussianProcessRegression

R: 0.9667642492 with p-val of corr 0.000000
R-square: 0.9346331136
RMSE: 0.1130848108
MSE: 0.0127881744
MAE: 0.0703397421
N* of Features 11
N* of instances 514
