ID: 02
Name Arousal-NOVRGame2
Function GaussianProcessRegression

R: 0.8935172905 with p-val of corr 0.000000
R-square: 0.7983731484
RMSE: 0.1607542548
MSE: 0.0258419304
MAE: 0.0866490122
N* of Features 8
N* of instances 192
