ID: 24
Name Arousal-VRGame1
Function GPRardrationalquadraticNOAUTOTUNING

R: 0.7002315207 with p-val of corr 0.000000
R-square: 0.4903241826
RMSE: 0.2272852890
MSE: 0.0516586026
MAE: 0.1642959781
N* of Features 11
N* of instances 211
