ID: 24
Name Valence-VR
Function GPRardrationalquadraticNOAUTOTUNING

R: 0.9408201609 with p-val of corr 0.000000
R-square: 0.8851425752
RMSE: 0.1196662481
MSE: 0.0143200109
MAE: 0.0734476907
N* of Features 8
N* of instances 395
