ID: 24
Name Valence-VRGame1
Function GPRardrationalquadraticNOAUTOTUNING

R: 0.9400108939 with p-val of corr 0.000000
R-square: 0.8836204807
RMSE: 0.1347874869
MSE: 0.0181676666
MAE: 0.0911708288
N* of Features 6
N* of instances 211
