ID: 24
Name Valence-VRGame2
Function GPRardrationalquadraticNOAUTOTUNING

R: 0.9886415445 with p-val of corr 0.000000
R-square: 0.9774121035
RMSE: 0.0456434060
MSE: 0.0020833205
MAE: 0.0248718243
N* of Features 9
N* of instances 184
