ID: 33
Name Valence-Player
Function GaussianProcessRegression

R: 0.9411071278 with p-val of corr 0.000000
R-square: 0.8856826259
RMSE: 0.1582820903
MSE: 0.0250532201
MAE: 0.1043796556
N* of Features 10
N* of instances 952
