ID: 14
Name Valence-NOVR
Function LinearRegression

R: 0.5025723334 with p-val of corr 0.000000
R-square: 0.2525789503
RMSE: 0.2459517908
MSE: 0.0604922834
MAE: 0.2062110131
N* of Features 8
N* of instances 434
