ID: 35
Name Arousal-NOVRGame2
Function BoostTreeRegression

R: 0.8557785760 with p-val of corr 0.000000
R-square: 0.7323569711
RMSE: 0.1135371968
MSE: 0.0128906951
MAE: 0.0817103055
N* of Features 4
N* of instances 179
