ID: 27
Name Arousal-VRGame1
Function SVMGaussianRegression

R: 0.8234159421 with p-val of corr 0.000000
R-square: 0.6780138137
RMSE: 0.2121140969
MSE: 0.0449923901
MAE: 0.1377255429
N* of Features 5
N* of instances 199
