ID: 27
Name Valence-VRGame2
Function SVMGaussianRegression

R: 0.8821259330 with p-val of corr 0.000000
R-square: 0.7781461617
RMSE: 0.1229629576
MSE: 0.0151198889
MAE: 0.0788502306
N* of Features 5
N* of instances 177
