ID: 27
Name Valence-VRGame1
Function SVMGaussianRegression

R: 0.9677226290 with p-val of corr 0.000000
R-square: 0.9364870866
RMSE: 0.0932107636
MSE: 0.0086882465
MAE: 0.0645001491
N* of Features 5
N* of instances 199
