ID: 27
Name Valence-VR
Function SVMGaussianRegression

R: 0.7912867297 with p-val of corr 0.000000
R-square: 0.6261346885
RMSE: 0.2133223228
MSE: 0.0455064134
MAE: 0.1478300125
N* of Features 11
N* of instances 376
