ID: 06
Name Valence-Game1
Function GPRardrationalquadraticNOAUTOTUNING

R: 0.9697831927 with p-val of corr 0.000000
R-square: 0.9404794409
RMSE: 0.0821392883
MSE: 0.0067468627
MAE: 0.0468243298
N* of Features 11
N* of instances 559
