ID: 32
Name Arousal-NOVRGame1
Function GaussianProcessRegression

R: 0.9553994675 with p-val of corr 0.000000
R-square: 0.9127881424
RMSE: 0.1029158166
MSE: 0.0105916653
MAE: 0.0685382686
N* of Features 5
N* of instances 259
