ID: 20
Name Arousal-NOVRGame2
Function GPRardrationalquadraticNOAUTOTUNING

R: 0.8125730493 with p-val of corr 0.000000
R-square: 0.6602749605
RMSE: 0.2680150019
MSE: 0.0718320413
MAE: 0.1871112165
N* of Features 7
N* of instances 197
