ID: 20
Name Arousal-NOVR
Function GPRardrationalquadraticNOAUTOTUNING

R: 0.7387374983 with p-val of corr 0.000000
R-square: 0.5457330914
RMSE: 0.3691334564
MSE: 0.1362595086
MAE: 0.2522419555
N* of Features 11
N* of instances 417
