ID: 20
Name Valence-NOVRGame2
Function GPRardrationalquadraticNOAUTOTUNING

R: 0.7492602188 with p-val of corr 0.000000
R-square: 0.5613908754
RMSE: 0.3183432818
MSE: 0.1013424451
MAE: 0.2175367147
N* of Features 8
N* of instances 197
