ID: 33
Name Valence-VRGame1
Function SVMGaussianRegression

R: 0.6851701089 with p-val of corr 0.000000
R-square: 0.4694580781
RMSE: 0.2106597002
MSE: 0.0443775093
MAE: 0.1566735603
N* of Features 5
N* of instances 273
