ID: 33
Name Valence-VR
Function SVMGaussianRegression

R: 0.8377798214 with p-val of corr 0.000000
R-square: 0.7018750292
RMSE: 0.2270564714
MSE: 0.0515546412
MAE: 0.1591318963
N* of Features 9
N* of instances 442
