ID: 33
Name Valence-VRGame2
Function SVMGaussianRegression

R: 0.8670741338 with p-val of corr 0.000000
R-square: 0.7518175535
RMSE: 0.1783215028
MSE: 0.0317985584
MAE: 0.1343214988
N* of Features 5
N* of instances 169
