ID: 24
Name Arousal-NOVR
Function LinearRegression

R: 0.0437359922 with p-val of corr 0.403491
R-square: 0.0019128370
RMSE: 0.3280250333
MSE: 0.1076004225
MAE: 0.2657708910
N* of Features 8
N* of instances 367
