ID: 24
Name Valence-NOVRGame1
Function LinearRegression

R: 0.0411742741 with p-val of corr 0.574780
R-square: 0.0016953208
RMSE: 0.3074486284
MSE: 0.0945246591
MAE: 0.2363247753
N* of Features 5
N* of instances 188
