ID: 23
Name Arousal-VRGame2
Function SVMLinearRegression

R: 0.5479039327 with p-val of corr 0.000000
R-square: 0.3001987195
RMSE: 0.1788971384
MSE: 0.0320041861
MAE: 0.1378088752
N* of Features 5
N* of instances 523
