ID: 23
Name Valence-VRGame2
Function SVMLinearRegression

R: 0.5606478791 with p-val of corr 0.000000
R-square: 0.3143260443
RMSE: 0.2462735304
MSE: 0.0606506518
MAE: 0.1803349092
N* of Features 5
N* of instances 523
