ID: 35
Name Valence-VRGame2
Function GPRardrationalquadraticNOAUTOTUNING

R: 0.9758370240 with p-val of corr 0.000000
R-square: 0.9522578974
RMSE: 0.0735387057
MSE: 0.0054079412
MAE: 0.0397949303
N* of Features 4
N* of instances 174
