ID: 35
Name Valence-VRGame1
Function GPRardrationalquadraticNOAUTOTUNING

R: 0.8157052161 with p-val of corr 0.000000
R-square: 0.6653749996
RMSE: 0.1939073920
MSE: 0.0376000767
MAE: 0.1458935306
N* of Features 8
N* of instances 267
