ID: 35
Name Valence-VR
Function GPRardrationalquadraticNOAUTOTUNING

R: 0.8459154428 with p-val of corr 0.000000
R-square: 0.7155729364
RMSE: 0.1801215415
MSE: 0.0324437697
MAE: 0.1301059795
N* of Features 11
N* of instances 441
