ID: 32
Name Arousal-Player
Function GaussianProcessRegression

R: 0.9502838714 with p-val of corr 0.000000
R-square: 0.9030394362
RMSE: 0.1130173246
MSE: 0.0127729157
MAE: 0.0703854708
N* of Features 6
N* of instances 820
