ID: 25
Name Arousal-NOVRGame2
Function SVMLinearRegression

R: 0.5851064078 with p-val of corr 0.000000
R-square: 0.3423495085
RMSE: 0.2978830631
MSE: 0.0887343193
MAE: 0.2286500550
N* of Features 4
N* of instances 179
