ID: 25
Name Arousal-NOVR
Function SVMLinearRegression

R: 0.4472627647 with p-val of corr 0.000000
R-square: 0.2000439807
RMSE: 0.4845917690
MSE: 0.2348291826
MAE: 0.3486706862
N* of Features 9
N* of instances 560
