ID: 06
Name Arousal-VRGame1
Function SVMLinearRegression

R: 0.2165927736 with p-val of corr 0.000282
R-square: 0.0469124296
RMSE: 0.1368457184
MSE: 0.0187267507
MAE: 0.0791506295
N* of Features 5
N* of instances 277
