ID: 27
Name Arousal-NOVRGame1
Function RandomForestRegression

R: 0.9576645266 with p-val of corr 0.000000
R-square: 0.9171213455
RMSE: 0.0911022954
MSE: 0.0082996282
MAE: 0.0617020900
N* of Features 10
N* of instances 214
