ID: 27
Name Valence-NOVR
Function RandomForestRegression

R: 0.8868637332 with p-val of corr 0.000000
R-square: 0.7865272812
RMSE: 0.1443536160
MSE: 0.0208379665
MAE: 0.0960956421
N* of Features 7
N* of instances 395
