ID: 25
Name Valence-Player
Function RandomForestRegression

R: 0.8914560537 with p-val of corr 0.000000
R-square: 0.7946938957
RMSE: 0.2599623714
MSE: 0.0675804345
MAE: 0.1913364033
N* of Features 8
N* of instances 982
