ID: 18
Name Arousal-Player
Function SVMGaussianRegression

R: 0.6911892374 with p-val of corr 0.000000
R-square: 0.4777425619
RMSE: 0.4610866885
MSE: 0.2126009343
MAE: 0.3268187254
N* of Features 6
N* of instances 744
