ID: 34
Name Arousal-Player
Function RandomForestRegression

R: 0.8365901765 with p-val of corr 0.000000
R-square: 0.6998831234
RMSE: 0.1787757062
MSE: 0.0319607531
MAE: 0.1176448326
N* of Features 13
N* of instances 774
