ID: 40
Name Arousal-NOVRGame2
Function GaussianProcessRegression

R: 0.7826611832 with p-val of corr 0.000000
R-square: 0.6125585277
RMSE: 0.2334097797
MSE: 0.0544801253
MAE: 0.1669384563
N* of Features 4
N* of instances 255
