ID: 38
Name Arousal-NOVRGame2
Function GPRardrationalquadraticNOAUTOTUNING

R: 0.9333951598 with p-val of corr 0.000000
R-square: 0.8712265243
RMSE: 0.0818255042
MSE: 0.0066954131
MAE: 0.0568481576
N* of Features 4
N* of instances 181
