ID: 02
Name Arousal-NOVRGame2
Function RandomForestRegression

R: 0.9098854525 with p-val of corr 0.000000
R-square: 0.8278915367
RMSE: 0.1623478614
MSE: 0.0263568281
MAE: 0.1225488388
N* of Features 8
N* of instances 192
