ID: 39
Name Arousal-NOVRGame2
Function BoostTreeRegression

R: 0.9060138449 with p-val of corr 0.000000
R-square: 0.8208610872
RMSE: 0.1477795909
MSE: 0.0218388075
MAE: 0.0921229323
N* of Features 6
N* of instances 199
