ID: 39
Name Valence-NOVRGame2
Function BoostTreeRegression

R: 0.7567142092 with p-val of corr 0.000000
R-square: 0.5726163944
RMSE: 0.2302282383
MSE: 0.0530050417
MAE: 0.1768970799
N* of Features 6
N* of instances 199
