ID: 28
Name Arousal-Player
Function GaussianProcessRegression

R: 0.9829994299 with p-val of corr 0.000000
R-square: 0.9662878791
RMSE: 0.1043249051
MSE: 0.0108836858
MAE: 0.0593572441
N* of Features 11
N* of instances 993
