ID: 24
Name Valence-NOVRGame2
Function SVMGaussianRegression

R: 0.5473759902 with p-val of corr 0.000000
R-square: 0.2996204746
RMSE: 0.2700644366
MSE: 0.0729347999
MAE: 0.1844882704
N* of Features 7
N* of instances 179
