ID: 24
Name Valence-NOVRGame1
Function SVMGaussianRegression

R: 0.8496149152 with p-val of corr 0.000000
R-square: 0.7218455041
RMSE: 0.1571436035
MSE: 0.0246941121
MAE: 0.1149510033
N* of Features 5
N* of instances 188
