ID: 24
Name Valence-NOVR
Function SVMGaussianRegression

R: 0.4441189547 with p-val of corr 0.000000
R-square: 0.1972416459
RMSE: 0.3592408724
MSE: 0.1290540044
MAE: 0.2731499015
N* of Features 11
N* of instances 367
