ID: 27
Name Arousal-NOVRGame1
Function LinearRegression

R: 0.0075131474 with p-val of corr 0.912992
R-square: 0.0000564474
RMSE: 0.3165994066
MSE: 0.1002351843
MAE: 0.2537156142
N* of Features 10
N* of instances 214
