ID: 27
Name Arousal-NOVRGame2
Function LinearRegression

R: 0.5248810025 with p-val of corr 0.000000
R-square: 0.2755000668
RMSE: 0.2901794308
MSE: 0.0842041021
MAE: 0.2325887181
N* of Features 5
N* of instances 181
