ID: 27
Name Arousal-NOVR
Function LinearRegression

R: 0.0119308156 with p-val of corr 0.813140
R-square: 0.0001423444
RMSE: 0.3436694551
MSE: 0.1181086943
MAE: 0.2913032062
N* of Features 11
N* of instances 395
