ID: 27
Name Valence-NOVR
Function LinearRegression

R: 0.1844077854 with p-val of corr 0.000229
R-square: 0.0340062313
RMSE: 0.2958291526
MSE: 0.0875148875
MAE: 0.2531095377
N* of Features 7
N* of instances 395
