ID: 28
Name Arousal-VRGame2
Function RandomForestRegression

R: 0.7144220693 with p-val of corr 0.000000
R-square: 0.5103988931
RMSE: 0.0943665720
MSE: 0.0089050499
MAE: 0.0565067380
N* of Features 3
N* of instances 186
