ID: 40
Name Arousal-NOVRGame2
Function SVMGaussianRegression

R: 0.1782612754 with p-val of corr 0.004297
R-square: 0.0317770823
RMSE: 0.4060394584
MSE: 0.1648680418
MAE: 0.3191026582
N* of Features 4
N* of instances 255
