ID: 05
Name Arousal-NOVRGame1
Function LinearRegression

R: 0.2961432661 with p-val of corr 0.000007
R-square: 0.0877008341
RMSE: 0.2567349376
MSE: 0.0659128282
MAE: 0.2097822157
N* of Features 11
N* of instances 222
