ID: 24
Name Valence-Game1
Function GPRardrationalquadraticNOAUTOTUNING

R: 0.9359996127 with p-val of corr 0.000000
R-square: 0.8760952750
RMSE: 0.1245496191
MSE: 0.0155126076
MAE: 0.0705310200
N* of Features 6
N* of instances 399
