ID: 27
Name Arousal-Player
Function RandomForestRegression

R: 0.9389154703 with p-val of corr 0.000000
R-square: 0.8815622604
RMSE: 0.1247915917
MSE: 0.0155729414
MAE: 0.0802351877
N* of Features 10
N* of instances 771
