ID: 27
Name Valence-Player
Function RandomForestRegression

R: 0.9228920740 with p-val of corr 0.000000
R-square: 0.8517297802
RMSE: 0.1356055843
MSE: 0.0183888745
MAE: 0.0891425875
N* of Features 14
N* of instances 771
