ID: 25
Name Arousal-VRGame1
Function RandomForestRegression

R: 0.9020731030 with p-val of corr 0.000000
R-square: 0.8137358832
RMSE: 0.2512982209
MSE: 0.0631507958
MAE: 0.1895091061
N* of Features 4
N* of instances 242
