ID: 30
Name Arousal-NOVRGame2
Function BoostTreeRegression

R: 0.8279178616 with p-val of corr 0.000000
R-square: 0.6854479855
RMSE: 0.0899146863
MSE: 0.0080846508
MAE: 0.0541910903
N* of Features 5
N* of instances 179
