ID: 27
Name Arousal-VR
Function LinearRegression

R: 0.1145775636 with p-val of corr 0.026306
R-square: 0.0131280181
RMSE: 0.3673957882
MSE: 0.1349796652
MAE: 0.3384624988
N* of Features 4
N* of instances 376
