ID: 27
Name Valence-VRGame2
Function LinearRegression

R: 0.3012735478 with p-val of corr 0.000046
R-square: 0.0907657506
RMSE: 0.2515149567
MSE: 0.0632597734
MAE: 0.1949338285
N* of Features 5
N* of instances 177
