ID: 31
Name Arousal-VRGame1
Function LinearRegression

R: 0.1077287988 with p-val of corr 0.142222
R-square: 0.0116054941
RMSE: 0.3741910545
MSE: 0.1400189453
MAE: 0.2837373603
N* of Features 4
N* of instances 187
