ID: 31
Name Valence-VRGame2
Function LinearRegression

R: 0.1236353104 with p-val of corr 0.078106
R-square: 0.0152856900
RMSE: 0.2645158121
MSE: 0.0699686148
MAE: 0.2112089620
N* of Features 7
N* of instances 204
