ID: 22
Name Arousal-VR
Function LinearRegression

R: 0.1789319024 with p-val of corr 0.000107
R-square: 0.0320166257
RMSE: 0.3123114166
MSE: 0.0975384210
MAE: 0.2029591431
N* of Features 4
N* of instances 464
