ID: 22
Name Valence-VRGame2
Function LinearRegression

R: 0.0022694817 with p-val of corr 0.974236
R-square: 0.0000051505
RMSE: 0.3193173737
MSE: 0.1019635851
MAE: 0.2221553834
N* of Features 8
N* of instances 205
