ID: 21
Name Valence-VR
Function GaussianProcessRegression

R: 0.9665612257 with p-val of corr 0.000000
R-square: 0.9342406031
RMSE: 0.0561038797
MSE: 0.0031476453
MAE: 0.0289887288
N* of Features 5
N* of instances 388
