ID: 21
Name Valence-VRGame2
Function GaussianProcessRegression

R: 0.8714544000 with p-val of corr 0.000000
R-square: 0.7594327713
RMSE: 0.0991601724
MSE: 0.0098327398
MAE: 0.0559539496
N* of Features 5
N* of instances 177
