ID: 25
Name Arousal-NOVRGame2
Function GPRardrationalquadraticNOAUTOTUNING

R: 0.9662388857 with p-val of corr 0.000000
R-square: 0.9336175843
RMSE: 0.0908269351
MSE: 0.0082495321
MAE: 0.0465400469
N* of Features 4
N* of instances 179
