ID: 25
Name Valence-NOVRGame2
Function GPRardrationalquadraticNOAUTOTUNING

R: 0.9157952853 with p-val of corr 0.000000
R-square: 0.8386810046
RMSE: 0.1595706179
MSE: 0.0254627821
MAE: 0.0900513087
N* of Features 8
N* of instances 179
