ID: 35
Name Arousal-VR
Function GaussianProcessRegression

R: 0.9558300502 with p-val of corr 0.000000
R-square: 0.9136110848
RMSE: 0.0897813865
MSE: 0.0080606974
MAE: 0.0538110295
N* of Features 8
N* of instances 441
