ID: 35
Name Valence-VRGame2
Function GaussianProcessRegression

R: 0.9666302659 with p-val of corr 0.000000
R-square: 0.9343740709
RMSE: 0.0861866874
MSE: 0.0074281451
MAE: 0.0541820788
N* of Features 4
N* of instances 174
