ID: 06
Name Valence-NOVRGame1
Function RandomForestRegression

R: 0.8733256954 with p-val of corr 0.000000
R-square: 0.7626977702
RMSE: 0.1799515991
MSE: 0.0323825780
MAE: 0.1349321027
N* of Features 5
N* of instances 282
