ID: 17
Name Arousal-NOVRGame2
Function SVMLinearRegression

R: 0.8159722659 with p-val of corr 0.000000
R-square: 0.6658107387
RMSE: 0.2656333847
MSE: 0.0705610950
MAE: 0.1968209509
N* of Features 7
N* of instances 177
