ID: 20
Name Arousal-NOVR
Function BoostTreeRegression

R: 0.5054055568 with p-val of corr 0.000000
R-square: 0.2554347769
RMSE: 0.4918442541
MSE: 0.2419107703
MAE: 0.3712213620
N* of Features 11
N* of instances 417
