ID: 20
Name Arousal-NOVRGame2
Function BoostTreeRegression

R: 0.7117528834 with p-val of corr 0.000000
R-square: 0.5065921671
RMSE: 0.3300463814
MSE: 0.1089306139
MAE: 0.2512906093
N* of Features 7
N* of instances 197
