ID: 20
Name Arousal-NOVRGame1
Function BoostTreeRegression

R: 0.7516660475 with p-val of corr 0.000000
R-square: 0.5650018470
RMSE: 0.4083394490
MSE: 0.1667411056
MAE: 0.3051992403
N* of Features 4
N* of instances 220
