ID: 20
Name Valence-NOVRGame1
Function BoostTreeRegression

R: 0.6324523653 with p-val of corr 0.000000
R-square: 0.3999959943
RMSE: 0.4776890879
MSE: 0.2281868647
MAE: 0.3735123974
N* of Features 9
N* of instances 220
