ID: 32
Name Valence-NOVRGame2
Function RandomForestRegression

R: 0.9184372302 with p-val of corr 0.000000
R-square: 0.8435269458
RMSE: 0.1394202608
MSE: 0.0194380091
MAE: 0.1069347070
N* of Features 6
N* of instances 178
