ID: 13
Name Valence-Player
Function GPRardrationalquadraticNOAUTOTUNING

R: 0.9237983929 with p-val of corr 0.000000
R-square: 0.8534034708
RMSE: 0.2319493068
MSE: 0.0538004809
MAE: 0.1513105318
N* of Features 11
N* of instances 789
