ID: 05
Name Arousal-Game2
Function GPRardrationalquadraticNOAUTOTUNING

R: 0.9380115114 with p-val of corr 0.000000
R-square: 0.8798655955
RMSE: 0.0859452657
MSE: 0.0073865887
MAE: 0.0544354946
N* of Features 10
N* of instances 351
