ID: 17
Name Arousal-VR
Function LinearRegression

R: 0.2858904151 with p-val of corr 0.000000
R-square: 0.0817333295
RMSE: 0.4956878696
MSE: 0.2457064641
MAE: 0.4243188487
N* of Features 4
N* of instances 347
