ID: 17
Name Valence-VRGame2
Function LinearRegression

R: 0.3246718598 with p-val of corr 0.000017
R-square: 0.1054118165
RMSE: 0.4294292561
MSE: 0.1844094860
MAE: 0.3522204453
N* of Features 2
N* of instances 169
