ID: 04
Name Arousal-Player
Function RandomForestRegression

R: 0.8690553481 with p-val of corr 0.000000
R-square: 0.7552571980
RMSE: 0.1297155365
MSE: 0.0168261204
MAE: 0.0944952892
N* of Features 11
N* of instances 797
