ID: 19
Name Valence-VRGame1
Function BoostTreeRegression

R: 0.6261437156 with p-val of corr 0.000000
R-square: 0.3920559526
RMSE: 0.2974533691
MSE: 0.0884785068
MAE: 0.2182893960
N* of Features 8
N* of instances 314
