ID: 19
Name Valence-VRGame2
Function BoostTreeRegression

R: 0.7277664635 with p-val of corr 0.000000
R-square: 0.5296440254
RMSE: 0.2541022957
MSE: 0.0645679767
MAE: 0.1885173368
N* of Features 9
N* of instances 185
