ID: 29
Name Arousal-VR
Function BoostTreeRegression

R: 0.9003876092 with p-val of corr 0.000000
R-square: 0.8106978468
RMSE: 0.2176733757
MSE: 0.0473816985
MAE: 0.1550833991
N* of Features 5
N* of instances 376
