ID: 29
Name Arousal-VRGame1
Function BoostTreeRegression

R: 0.9585752711 with p-val of corr 0.000000
R-square: 0.9188665504
RMSE: 0.1770212030
MSE: 0.0313365063
MAE: 0.1277978517
N* of Features 4
N* of instances 203
