ID: 29
Name Valence-VRGame2
Function BoostTreeRegression

R: 0.8795094200 with p-val of corr 0.000000
R-square: 0.7735368199
RMSE: 0.1803949578
MSE: 0.0325423408
MAE: 0.1287028603
N* of Features 8
N* of instances 173
