ID: 08
Name Arousal-Player
Function LinearRegression

R: 0.0240205542 with p-val of corr 0.475676
R-square: 0.0005769870
RMSE: 0.4682956648
MSE: 0.2193008297
MAE: 0.3663259836
N* of Features 8
N* of instances 884
