ID: 08
Name Valence-NOVRGame1
Function SVMLinearRegression

R: 0.5087790208 with p-val of corr 0.000000
R-square: 0.2588560920
RMSE: 0.4665211426
MSE: 0.2176419765
MAE: 0.3857124584
N* of Features 6
N* of instances 262
