ID: 35
Name Arousal-VR
Function BoostTreeRegression

R: 0.7541352972 with p-val of corr 0.000000
R-square: 0.5687200465
RMSE: 0.1991583222
MSE: 0.0396640373
MAE: 0.1600350358
N* of Features 8
N* of instances 441
