ID: 02
Name Arousal-NOVRGame2
Function SVMGaussianRegression

R: 0.5328760370 with p-val of corr 0.000000
R-square: 0.2839568708
RMSE: 0.3083385144
MSE: 0.0950726395
MAE: 0.2122221500
N* of Features 8
N* of instances 192
