ID: 13
Name Arousal-VRGame1
Function SVMLinearRegression

R: 0.5295608082 with p-val of corr 0.000000
R-square: 0.2804346496
RMSE: 0.3036449693
MSE: 0.0922002674
MAE: 0.2378783755
N* of Features 6
N* of instances 239
