ID: 13
Name Valence-VR
Function SVMLinearRegression

R: 0.6454217432 with p-val of corr 0.000000
R-square: 0.4165692266
RMSE: 0.4562671290
MSE: 0.2081796930
MAE: 0.3369740512
N* of Features 8
N* of instances 398
