ID: 34
Name Arousal-NOVRGame2
Function SVMLinearRegression

R: 0.2333745342 with p-val of corr 0.001883
R-square: 0.0544636732
RMSE: 0.1918578245
MSE: 0.0368094248
MAE: 0.1196022665
N* of Features 5
N* of instances 175
