ID: 32
Name Arousal-NOVRGame2
Function SVMLinearRegression

R: 0.5332493219 with p-val of corr 0.000000
R-square: 0.2843548393
RMSE: 0.2955389790
MSE: 0.0873432881
MAE: 0.2295074642
N* of Features 2
N* of instances 178
