ID: 39
Name Valence-VRGame2
Function SVMGaussianRegression

R: 0.5828093299 with p-val of corr 0.000000
R-square: 0.3396667150
RMSE: 0.3272085202
MSE: 0.1070654157
MAE: 0.2437824118
N* of Features 9
N* of instances 201
