ID: 14
Name Arousal-Player
Function SVMLinearRegression

R: 0.4714342300 with p-val of corr 0.000000
R-square: 0.2222502332
RMSE: 0.2355049736
MSE: 0.0554625926
MAE: 0.1724256057
N* of Features 8
N* of instances 1007
