ID: 14
Name Valence-Player
Function SVMLinearRegression

R: 0.5898600255 with p-val of corr 0.000000
R-square: 0.3479348497
RMSE: 0.3129539089
MSE: 0.0979401491
MAE: 0.2470601485
N* of Features 8
N* of instances 1007
