ID: 02
Name Arousal-VRGame1
Function BoostTreeRegression

R: 0.6734866892 with p-val of corr 0.000000
R-square: 0.4535843205
RMSE: 0.1832261776
MSE: 0.0335718322
MAE: 0.1459756346
N* of Features 8
N* of instances 266
