ID: 06
Name Arousal-VR
Function BoostTreeRegression

R: 0.7116814490 with p-val of corr 0.000000
R-square: 0.5064904848
RMSE: 0.0866567882
MSE: 0.0075093989
MAE: 0.0545148152
N* of Features 5
N* of instances 472
