ID: 18
Name Valence-VRGame2
Function GaussianProcessRegression

R: 0.9377176773 with p-val of corr 0.000000
R-square: 0.8793144423
RMSE: 0.2088008317
MSE: 0.0435977873
MAE: 0.1263969668
N* of Features 5
N* of instances 202
