ID: 32
Name Valence-NOVRGame2
Function BoostTreeRegression

R: 0.8640851561 with p-val of corr 0.000000
R-square: 0.7466431570
RMSE: 0.1651130753
MSE: 0.0272623276
MAE: 0.1182150826
N* of Features 6
N* of instances 178
