ID: 24
Name Arousal-NOVRGame1
Function SVMLinearRegression

R: 0.4379552541 with p-val of corr 0.000000
R-square: 0.1918048046
RMSE: 0.3229450032
MSE: 0.1042934751
MAE: 0.2521799155
N* of Features 6
N* of instances 188
