ID: 24
Name Arousal-NOVRGame2
Function SVMLinearRegression

R: 0.2763316524 with p-val of corr 0.000181
R-square: 0.0763591821
RMSE: 0.2620237642
MSE: 0.0686564530
MAE: 0.2040119207
N* of Features 11
N* of instances 179
