ID: 24
Name Valence-NOVRGame2
Function SVMLinearRegression

R: 0.4633912745 with p-val of corr 0.000000
R-square: 0.2147314732
RMSE: 0.2908077275
MSE: 0.0845691344
MAE: 0.1872823668
N* of Features 7
N* of instances 179
