ID: 24
Name Valence-NOVR
Function SVMLinearRegression

R: 0.6521989239 with p-val of corr 0.000000
R-square: 0.4253634364
RMSE: 0.3041492323
MSE: 0.0925067555
MAE: 0.2453388987
N* of Features 11
N* of instances 367
