ID: 39
Name Arousal-VR
Function GPRardrationalquadraticNOAUTOTUNING

R: 0.9208778915 with p-val of corr 0.000000
R-square: 0.8480160910
RMSE: 0.1685849038
MSE: 0.0284208698
MAE: 0.0960698932
N* of Features 6
N* of instances 428
