ID: 39
Name Valence-VRGame2
Function GPRardrationalquadraticNOAUTOTUNING

R: 0.9517500795 with p-val of corr 0.000000
R-square: 0.9058282138
RMSE: 0.1231839097
MSE: 0.0151742756
MAE: 0.0755651222
N* of Features 9
N* of instances 201
