ID: 39
Name Arousal-VRGame1
Function RandomForestRegression

R: 0.8649164480 with p-val of corr 0.000000
R-square: 0.7480804620
RMSE: 0.2081181851
MSE: 0.0433131790
MAE: 0.1633792156
N* of Features 5
N* of instances 227
