ID: 06
Name Arousal-NOVRGame2
Function SVMGaussianRegression

R: 0.9749138886 with p-val of corr 0.000000
R-square: 0.9504570903
RMSE: 0.1016124281
MSE: 0.0103250855
MAE: 0.1010487568
N* of Features 1
N* of instances 220
