ID: 35
Name Arousal-NOVRGame2
Function SVMGaussianRegression

R: 0.4684063978 with p-val of corr 0.000000
R-square: 0.2194045535
RMSE: 0.1943676241
MSE: 0.0377787733
MAE: 0.1458848195
N* of Features 4
N* of instances 179
