ID: 35
Name Valence-NOVRGame2
Function SVMGaussianRegression

R: 0.9166026271 with p-val of corr 0.000000
R-square: 0.8401603761
RMSE: 0.1458003348
MSE: 0.0212577376
MAE: 0.1015113480
N* of Features 5
N* of instances 179
