ID: 32
Name Arousal-Player
Function SVMLinearRegression

R: 0.3453805209 with p-val of corr 0.000000
R-square: 0.1192877042
RMSE: 0.3456541025
MSE: 0.1194767586
MAE: 0.2552883151
N* of Features 6
N* of instances 820
