ID: 04
Name Arousal-NOVR
Function SVMGaussianRegression

R: 0.6860347875 with p-val of corr 0.000000
R-square: 0.4706437296
RMSE: 0.1854590634
MSE: 0.0343950642
MAE: 0.1391657960
N* of Features 5
N* of instances 379
