ID: 39
Name Valence-NOVRGame2
Function SVMGaussianRegression

R: 0.3013000054 with p-val of corr 0.000015
R-square: 0.0907816933
RMSE: 0.3558805617
MSE: 0.1266509742
MAE: 0.2701870359
N* of Features 6
N* of instances 199
