ID: 40
Name Valence-NOVRGame2
Function RandomForestRegression

R: 0.7677787503 with p-val of corr 0.000000
R-square: 0.5894842095
RMSE: 0.2619572487
MSE: 0.0686216001
MAE: 0.1897426833
N* of Features 7
N* of instances 255
