ID: 27
Name Arousal-NOVRGame2
Function BoostTreeRegression

R: 0.8719128060 with p-val of corr 0.000000
R-square: 0.7602319412
RMSE: 0.1597277265
MSE: 0.0255129466
MAE: 0.1067683888
N* of Features 5
N* of instances 181
