ID: 27
Name Arousal-NOVRGame1
Function BoostTreeRegression

R: 0.8987887778 with p-val of corr 0.000000
R-square: 0.8078212672
RMSE: 0.1382224311
MSE: 0.0191054405
MAE: 0.0996622001
N* of Features 10
N* of instances 214
