ID: 27
Name Valence-NOVR
Function BoostTreeRegression

R: 0.7703906225 with p-val of corr 0.000000
R-square: 0.5935017113
RMSE: 0.1925874694
MSE: 0.0370899334
MAE: 0.1482808673
N* of Features 7
N* of instances 395
