ID: 04
Name Arousal-VRGame1
Function GaussianProcessRegression

R: 0.9574549078 with p-val of corr 0.000000
R-square: 0.9167199005
RMSE: 0.0716146577
MSE: 0.0051286592
MAE: 0.0358193510
N* of Features 4
N* of instances 228
