ID: 25
Name Valence-NOVRGame2
Function BoostTreeRegression

R: 0.8926426331 with p-val of corr 0.000000
R-square: 0.7968108705
RMSE: 0.1772222973
MSE: 0.0314077426
MAE: 0.1163792204
N* of Features 8
N* of instances 179
