ID: 24
Name Arousal-VRGame1
Function SVMLinearRegression

R: 0.4369552754 with p-val of corr 0.000000
R-square: 0.1909299127
RMSE: 0.2846127963
MSE: 0.0810044438
MAE: 0.2293973166
N* of Features 11
N* of instances 211
