ID: 24
Name Valence-VR
Function SVMLinearRegression

R: 0.5715195449 with p-val of corr 0.000000
R-square: 0.3266345902
RMSE: 0.2950889547
MSE: 0.0870774912
MAE: 0.2011966092
N* of Features 8
N* of instances 395
