ID: 06
Name Valence-VRGame2
Function GPRardrationalquadraticNOAUTOTUNING

R: 0.7556038864 with p-val of corr 0.000000
R-square: 0.5709372332
RMSE: 0.1522134189
MSE: 0.0231689249
MAE: 0.0851577243
N* of Features 7
N* of instances 195
