ID: 03
Name Arousal-VR
Function SVMLinearRegression

R: 0.2698635725 with p-val of corr 0.000000
R-square: 0.0728263478
RMSE: 0.2882629213
MSE: 0.0830955118
MAE: 0.2104696467
N* of Features 6
N* of instances 365
