ID: 35
Name Valence-NOVRGame2
Function GPRardrationalquadraticNOAUTOTUNING

R: 0.9833710875 with p-val of corr 0.000000
R-square: 0.9670186957
RMSE: 0.0665194363
MSE: 0.0044248354
MAE: 0.0314828686
N* of Features 5
N* of instances 179
