ID: 13
Name Valence-VRGame2
Function RandomForestRegression

R: 0.8111100366 with p-val of corr 0.000000
R-square: 0.6578994915
RMSE: 0.1704492091
MSE: 0.0290529329
MAE: 0.1241334653
N* of Features 11
N* of instances 159
