ID: 08
Name Arousal-VR
Function RandomForestRegression

R: 0.6582476761 with p-val of corr 0.000000
R-square: 0.4332900030
RMSE: 0.3684414903
MSE: 0.1357491318
MAE: 0.2749817043
N* of Features 8
N* of instances 443
