ID: 08
Name Valence-VRGame2
Function RandomForestRegression

R: 0.7461178576 with p-val of corr 0.000000
R-square: 0.5566918574
RMSE: 0.3059258618
MSE: 0.0935906329
MAE: 0.2072051792
N* of Features 5
N* of instances 170
