ID: 37
Name Arousal-VR
Function RandomForestRegression

R: 0.9591015719 with p-val of corr 0.000000
R-square: 0.9198758252
RMSE: 0.0376665123
MSE: 0.0014187661
MAE: 0.0245357671
N* of Features 7
N* of instances 395
