ID: 37
Name Valence-VRGame1
Function RandomForestRegression

R: 0.9083639523 with p-val of corr 0.000000
R-square: 0.8251250699
RMSE: 0.0420907239
MSE: 0.0017716290
MAE: 0.0233307627
N* of Features 5
N* of instances 202
