ID: 16
Name Valence-VRGame2
Function BoostTreeRegression

R: 0.9318271756 with p-val of corr 0.000000
R-square: 0.8683018853
RMSE: 0.0856050436
MSE: 0.0073282235
MAE: 0.0466297050
N* of Features 5
N* of instances 191
