ID: 14
Name Valence-Game1
Function GPRardrationalquadraticNOAUTOTUNING

R: 0.9204597767 with p-val of corr 0.000000
R-square: 0.8472462005
RMSE: 0.1589244130
MSE: 0.0252569690
MAE: 0.0989175642
N* of Features 8
N* of instances 639
