ID: 14
Name Valence-Game2
Function GPRardrationalquadraticNOAUTOTUNING

R: 0.9152288324 with p-val of corr 0.000000
R-square: 0.8376438157
RMSE: 0.1339676617
MSE: 0.0179473344
MAE: 0.0923151391
N* of Features 8
N* of instances 368
