ID: 13
Name Arousal-VRGame2
Function GaussianProcessRegression

R: 0.8318694604 with p-val of corr 0.000000
R-square: 0.6920067991
RMSE: 0.1088937388
MSE: 0.0118578463
MAE: 0.0752635995
N* of Features 8
N* of instances 159
