ID: 17
Name Arousal-Player
Function LinearRegression

R: -0.1297666026 with p-val of corr 0.000542
R-square: 0.0168393712
RMSE: 0.5260858120
MSE: 0.2767662816
MAE: 0.4535462433
N* of Features 6
N* of instances 707
