ID: 34
Name Arousal-NOVRGame2
Function RandomForestRegression

R: 0.8739107652 with p-val of corr 0.000000
R-square: 0.7637200255
RMSE: 0.0996430676
MSE: 0.0099287409
MAE: 0.0681293767
N* of Features 5
N* of instances 175
