ID: 04
Name Valence-NOVRGame2
Function LinearRegression

R: 0.0143297641 with p-val of corr 0.842397
R-square: 0.0002053421
RMSE: 0.2173085334
MSE: 0.0472229987
MAE: 0.1925344770
N* of Features 8
N* of instances 195
