ID: 24
Name Valence-Player
Function GPRardrationalquadraticNOAUTOTUNING

R: 0.9431358053 with p-val of corr 0.000000
R-square: 0.8895051473
RMSE: 0.1266381428
MSE: 0.0160372192
MAE: 0.0790979903
N* of Features 12
N* of instances 762
