ID: 34
Name Arousal-NOVRGame2
Function SVMGaussianRegression

R: 0.3035055976 with p-val of corr 0.000044
R-square: 0.0921156478
RMSE: 0.1865401616
MSE: 0.0347972319
MAE: 0.1247697749
N* of Features 5
N* of instances 175
