ID: 08
Name Valence-Game2
Function GPRardrationalquadraticNOAUTOTUNING

R: 0.6413928168 with p-val of corr 0.000000
R-square: 0.4113847455
RMSE: 0.3012933222
MSE: 0.0907776660
MAE: 0.1966267160
N* of Features 6
N* of instances 349
