ID: 08
Name Valence-Game1
Function GPRardrationalquadraticNOAUTOTUNING

R: 0.8930806187 with p-val of corr 0.000000
R-square: 0.7975929915
RMSE: 0.2372877536
MSE: 0.0563054780
MAE: 0.1513201859
N* of Features 8
N* of instances 535
