ID: 18
Name Arousal-NOVRGame2
Function RandomForestRegression

R: 0.9653215009 with p-val of corr 0.000000
R-square: 0.9318456000
RMSE: 0.1863938362
MSE: 0.0347426622
MAE: 0.1271507696
N* of Features 4
N* of instances 175
