ID: 08
Name Arousal-VRGame1
Function GPRardrationalquadraticNOAUTOTUNING

R: 0.9160990855 with p-val of corr 0.000000
R-square: 0.8392375344
RMSE: 0.1922538006
MSE: 0.0369615238
MAE: 0.1308577604
N* of Features 8
N* of instances 273
