ID: 13
Name Arousal-NOVRGame2
Function GaussianProcessRegression

R: 0.7523432891 with p-val of corr 0.000000
R-square: 0.5660204247
RMSE: 0.1663679602
MSE: 0.0276782982
MAE: 0.1089148051
N* of Features 5
N* of instances 182
