ID: 30
Name Arousal-NOVR
Function LinearRegression

R: -0.0145890753 with p-val of corr 0.777681
R-square: 0.0002128411
RMSE: 0.1966267733
MSE: 0.0386620880
MAE: 0.1208799576
N* of Features 8
N* of instances 377
