ID: 30
Name Arousal-NOVRGame2
Function LinearRegression

R: 0.1284226418 with p-val of corr 0.086668
R-square: 0.0164923749
RMSE: 0.1598151373
MSE: 0.0255408781
MAE: 0.0767510149
N* of Features 5
N* of instances 179
