ID: 39
Name Valence-VRGame2
Function GaussianProcessRegression

R: 0.9592064743 with p-val of corr 0.000000
R-square: 0.9200770603
RMSE: 0.1136934314
MSE: 0.0129261963
MAE: 0.0732316716
N* of Features 9
N* of instances 201
