ID: 16
Name Valence-VRGame2
Function LinearRegression

R: 0.3077345534 with p-val of corr 0.000015
R-square: 0.0947005553
RMSE: 0.2280090486
MSE: 0.0519881262
MAE: 0.2053812290
N* of Features 5
N* of instances 191
