ID: 28
Name Arousal-NOVRGame1
Function RandomForestRegression

R: 0.9634781301 with p-val of corr 0.000000
R-square: 0.9282901071
RMSE: 0.1211525641
MSE: 0.0146779438
MAE: 0.0735957227
N* of Features 6
N* of instances 220
