ID: 06
Name Arousal-NOVRGame2
Function GaussianProcessRegression

R: 0.9788459286 with p-val of corr 0.000000
R-square: 0.9581393519
RMSE: 0.0164706252
MSE: 0.0002712815
MAE: 0.0031389045
N* of Features 1
N* of instances 220
