ID: 06
Name Valence-NOVRGame1
Function GaussianProcessRegression

R: 0.9554222048 with p-val of corr 0.000000
R-square: 0.9128315894
RMSE: 0.1084131943
MSE: 0.0117534207
MAE: 0.0701618240
N* of Features 5
N* of instances 282
