ID: 38
Name Valence-Player
Function SVMGaussianRegression

R: 0.6387982764 with p-val of corr 0.000000
R-square: 0.4080632379
RMSE: 0.2511456765
MSE: 0.0630741508
MAE: 0.1845173387
N* of Features 8
N* of instances 748
