ID: 38
Name Arousal-NOVRGame2
Function BoostTreeRegression

R: 0.7660398172 with p-val of corr 0.000000
R-square: 0.5868170016
RMSE: 0.1459610418
MSE: 0.0213046257
MAE: 0.1080583552
N* of Features 4
N* of instances 181
