ID: 14
Name Valence-Player
Function SVMGaussianRegression

R: 0.6989514107 with p-val of corr 0.000000
R-square: 0.4885330746
RMSE: 0.2757322233
MSE: 0.0760282590
MAE: 0.2025168682
N* of Features 8
N* of instances 1007
