ID: 26
Name Valence-NOVRGame2
Function BoostTreeRegression

R: 0.7144014423 with p-val of corr 0.000000
R-square: 0.5103694208
RMSE: 0.2668653307
MSE: 0.0712171047
MAE: 0.2013839480
N* of Features 4
N* of instances 171
