ID: 17
Name Valence-VRGame1
Function SVMLinearRegression

R: 0.3259092707 with p-val of corr 0.000009
R-square: 0.1062168527
RMSE: 2.3525266950
MSE: 5.5343818506
MAE: 0.4286682115
N* of Features 5
N* of instances 178
