ID: 13
Name Arousal-NOVRGame2
Function GPRardrationalquadraticNOAUTOTUNING

R: 0.7738663352 with p-val of corr 0.000000
R-square: 0.5988691048
RMSE: 0.1601346157
MSE: 0.0256430952
MAE: 0.0992670697
N* of Features 5
N* of instances 182
