ID: 16
Name Valence-VRGame2
Function RandomForestRegression

R: 0.9696650342 with p-val of corr 0.000000
R-square: 0.9402502786
RMSE: 0.0568227754
MSE: 0.0032288278
MAE: 0.0341823085
N* of Features 5
N* of instances 191
