ID: 27
Name Arousal-Player
Function SVMGaussianRegression

R: 0.7393961750 with p-val of corr 0.000000
R-square: 0.5467067036
RMSE: 0.2392277096
MSE: 0.0572298970
MAE: 0.1646284938
N* of Features 10
N* of instances 771
