ID: 27
Name Valence-Player
Function SVMGaussianRegression

R: 0.8071311836 with p-val of corr 0.000000
R-square: 0.6514607475
RMSE: 0.2006685522
MSE: 0.0402678678
MAE: 0.1367641231
N* of Features 14
N* of instances 771
