ID: 14
Name Arousal-NOVRGame2
Function GPRardrationalquadraticNOAUTOTUNING

R: 0.9560030425 with p-val of corr 0.000000
R-square: 0.9139418174
RMSE: 0.0492563811
MSE: 0.0024261911
MAE: 0.0216979563
N* of Features 5
N* of instances 184
