ID: 14
Name Valence-NOVRGame1
Function GPRardrationalquadraticNOAUTOTUNING

R: 0.9478732023 with p-val of corr 0.000000
R-square: 0.8984636076
RMSE: 0.0748504615
MSE: 0.0056025916
MAE: 0.0466785019
N* of Features 8
N* of instances 250
