ID: 39
Name Valence-NOVR
Function RandomForestRegression

R: 0.8942765304 with p-val of corr 0.000000
R-square: 0.7997305129
RMSE: 0.1884330741
MSE: 0.0355070234
MAE: 0.1439664113
N* of Features 7
N* of instances 421
