ID: 13
Name Arousal-NOVRGame1
Function LinearRegression

R: 0.0696233658 with p-val of corr 0.316482
R-square: 0.0048474131
RMSE: 0.3525456316
MSE: 0.1242884223
MAE: 0.2955699364
N* of Features 4
N* of instances 209
