ID: 21
Name Valence-VRGame2
Function RandomForestRegression

R: 0.9082631816 with p-val of corr 0.000000
R-square: 0.8249420071
RMSE: 0.0921928439
MSE: 0.0084995205
MAE: 0.0584903211
N* of Features 5
N* of instances 177
