ID: 28
Name Arousal-NOVRGame1
Function GaussianProcessRegression

R: 0.9573004060 with p-val of corr 0.000000
R-square: 0.9164240674
RMSE: 0.1287565518
MSE: 0.0165782496
MAE: 0.0724500106
N* of Features 6
N* of instances 220
