ID: 28
Name Arousal-NOVR
Function GaussianProcessRegression

R: 0.9861898788 with p-val of corr 0.000000
R-square: 0.9725704770
RMSE: 0.0965296985
MSE: 0.0093179827
MAE: 0.0551528031
N* of Features 7
N* of instances 394
