ID: 28
Name Valence-NOVRGame1
Function GaussianProcessRegression

R: 0.8789082773 with p-val of corr 0.000000
R-square: 0.7724797599
RMSE: 0.1616620585
MSE: 0.0261346211
MAE: 0.1018238744
N* of Features 7
N* of instances 220
