ID: 23
Name Valence-NOVRGame2
Function BoostTreeRegression

R: 0.7369013654 with p-val of corr 0.000000
R-square: 0.5430236224
RMSE: 0.3428877044
MSE: 0.1175719778
MAE: 0.2645303366
N* of Features 9
N* of instances 202
