ID: 36
Name Valence-VR
Function LinearRegression

R: -0.0036611144 with p-val of corr 0.941447
R-square: 0.0000134038
RMSE: 0.2750998396
MSE: 0.0756799217
MAE: 0.2071317741
N* of Features 8
N* of instances 405
