ID: 38
Name Arousal-VRGame2
Function SVMLinearRegression

R: -0.1206928834 with p-val of corr 0.097171
R-square: 0.0145667721
RMSE: 0.6541012066
MSE: 0.4278483885
MAE: 0.2250821300
N* of Features 7
N* of instances 190
