ID: 03
Name Valence-NOVRGame2
Function SVMGaussianRegression

R: 0.3411815086 with p-val of corr 0.000002
R-square: 0.1164048218
RMSE: 0.4138240836
MSE: 0.1712503722
MAE: 0.2984812201
N* of Features 11
N* of instances 186
