ID: 03
Name Arousal-NOVRGame2
Function GPRardrationalquadraticNOAUTOTUNING

R: 0.9859316222 with p-val of corr 0.000000
R-square: 0.9720611636
RMSE: 0.0426810826
MSE: 0.0018216748
MAE: 0.0213061254
N* of Features 4
N* of instances 186
