ID: 03
Name Valence-NOVRGame1
Function GPRardrationalquadraticNOAUTOTUNING

R: 0.7809434160 with p-val of corr 0.000000
R-square: 0.6098726189
RMSE: 0.1964459816
MSE: 0.0385910237
MAE: 0.1156560769
N* of Features 5
N* of instances 244
