ID: 18
Name Arousal-NOVRGame2
Function LinearRegression

R: 0.0010732248 with p-val of corr 0.988754
R-square: 0.0000011518
RMSE: 0.6903080022
MSE: 0.4765251379
MAE: 0.5940352834
N* of Features 4
N* of instances 175
