ID: 28
Name Valence-Game1
Function GPRardrationalquadraticNOAUTOTUNING

R: 0.9431636822 with p-val of corr 0.000000
R-square: 0.8895577314
RMSE: 0.1520965616
MSE: 0.0231333640
MAE: 0.0856944830
N* of Features 9
N* of instances 633
