ID: 23
Name Valence-VRGame2
Function SVMGaussianRegression

R: 0.6178247805 with p-val of corr 0.000000
R-square: 0.3817074594
RMSE: 0.2337174784
MSE: 0.0546238597
MAE: 0.1698048196
N* of Features 5
N* of instances 523
