ID: 23
Name Valence-VRGame1
Function SVMGaussianRegression

R: 0.5668485028 with p-val of corr 0.000000
R-square: 0.3213172251
RMSE: 0.4065031503
MSE: 0.1652448112
MAE: 0.3149358644
N* of Features 8
N* of instances 332
