ID: 30
Name Arousal-VRGame1
Function BoostTreeRegression

R: 0.8878147746 with p-val of corr 0.000000
R-square: 0.7882150740
RMSE: 0.1138445731
MSE: 0.0129605868
MAE: 0.0863379391
N* of Features 8
N* of instances 234
