ID: 23
Name Valence-NOVRGame2
Function LinearRegression

R: -0.0085263469 with p-val of corr 0.904141
R-square: 0.0000726986
RMSE: 0.4978340956
MSE: 0.2478387867
MAE: 0.3814880419
N* of Features 9
N* of instances 202
