ID: 08
Name Arousal-Player
Function SVMLinearRegression

R: 0.1971978192 with p-val of corr 0.000000
R-square: 0.0388869799
RMSE: 0.4740901750
MSE: 0.2247614940
MAE: 0.3304581062
N* of Features 8
N* of instances 884
