ID: 08
Name Valence-Player
Function SVMLinearRegression

R: 0.3530643669 with p-val of corr 0.000000
R-square: 0.1246544472
RMSE: 0.4600577812
MSE: 0.2116531620
MAE: 0.3388595003
N* of Features 11
N* of instances 884
