ID: 02
Name Arousal-NOVRGame2
Function BoostTreeRegression

R: 0.8557575730 with p-val of corr 0.000000
R-square: 0.7323210238
RMSE: 0.1852661751
MSE: 0.0343235556
MAE: 0.1419914130
N* of Features 8
N* of instances 192
