ID: 02
Name Arousal-NOVRGame1
Function BoostTreeRegression

R: 0.8253815396 with p-val of corr 0.000000
R-square: 0.6812546859
RMSE: 0.2263857478
MSE: 0.0512505068
MAE: 0.1641394404
N* of Features 9
N* of instances 322
