ID: 08
Name Arousal-NOVRGame2
Function BoostTreeRegression

R: 0.7028375600 with p-val of corr 0.000000
R-square: 0.4939806357
RMSE: 0.3355199313
MSE: 0.1125736243
MAE: 0.2563476306
N* of Features 6
N* of instances 179
