ID: 31
Name Valence-VR
Function RandomForestRegression

R: 0.8282551755 with p-val of corr 0.000000
R-square: 0.6860066357
RMSE: 0.1747796663
MSE: 0.0305479317
MAE: 0.1091500191
N* of Features 7
N* of instances 391
