ID: 34
Name Arousal-VR
Function BoostTreeRegression

R: 0.6845942293 with p-val of corr 0.000000
R-square: 0.4686692588
RMSE: 0.1940655877
MSE: 0.0376614523
MAE: 0.1460664446
N* of Features 5
N* of instances 396
