ID: 34
Name Valence-VR
Function BoostTreeRegression

R: 0.7532813073 with p-val of corr 0.000000
R-square: 0.5674327279
RMSE: 0.2211088871
MSE: 0.0488891400
MAE: 0.1698192245
N* of Features 5
N* of instances 396
