ID: 21
Name Arousal-VRGame1
Function BoostTreeRegression

R: 0.7992450519 with p-val of corr 0.000000
R-square: 0.6387926530
RMSE: 0.1120012489
MSE: 0.0125442798
MAE: 0.0728039999
N* of Features 7
N* of instances 211
