ID: 26
Name Valence-VRGame2
Function SVMLinearRegression

R: 0.4347141166 with p-val of corr 0.000000
R-square: 0.1889763631
RMSE: 0.3592046261
MSE: 0.1290279634
MAE: 0.2477877352
N* of Features 4
N* of instances 176
