ID: 37
Name Arousal-Player
Function BoostTreeRegression

R: 0.8489639799 with p-val of corr 0.000000
R-square: 0.7207398392
RMSE: 0.0677038033
MSE: 0.0045838050
MAE: 0.0474521730
N* of Features 6
N* of instances 849
