ID: 03
Name Arousal-NOVRGame2
Function GaussianProcessRegression

R: 0.9877730196 with p-val of corr 0.000000
R-square: 0.9756955382
RMSE: 0.0399545035
MSE: 0.0015963623
MAE: 0.0197928239
N* of Features 4
N* of instances 186
