ID: 13
Name Arousal-VR
Function BoostTreeRegression

R: 0.6158774173 with p-val of corr 0.000000
R-square: 0.3793049931
RMSE: 0.2425657541
MSE: 0.0588381451
MAE: 0.1845226120
N* of Features 6
N* of instances 398
