ID: 13
Name Valence-VRGame2
Function BoostTreeRegression

R: 0.6850184663 with p-val of corr 0.000000
R-square: 0.4692502992
RMSE: 0.2147563373
MSE: 0.0461202844
MAE: 0.1682205518
N* of Features 11
N* of instances 159
