ID: 26
Name Arousal-NOVRGame2
Function RandomForestRegression

R: 0.9030112726 with p-val of corr 0.000000
R-square: 0.8154293584
RMSE: 0.1171069458
MSE: 0.0137140367
MAE: 0.0744095736
N* of Features 4
N* of instances 171
