ID: 26
Name Valence-NOVR
Function RandomForestRegression

R: 0.7949622814 with p-val of corr 0.000000
R-square: 0.6319650288
RMSE: 0.1840874185
MSE: 0.0338881776
MAE: 0.1303978144
N* of Features 4
N* of instances 356
