ID: 37
Name Arousal-Game2
Function GPRardrationalquadraticNOAUTOTUNING

R: 0.9662657883 with p-val of corr 0.000000
R-square: 0.9336695736
RMSE: 0.0323380586
MSE: 0.0010457500
MAE: 0.0193406579
N* of Features 5
N* of instances 413
