ID: 38
Name Arousal-NOVR
Function LinearRegression

R: 0.0330910238 with p-val of corr 0.524605
R-square: 0.0010950159
RMSE: 0.2265748431
MSE: 0.0513361595
MAE: 0.1724208381
N* of Features 9
N* of instances 372
