ID: 40
Name Valence-VR
Function RandomForestRegression

R: 0.6978691676 with p-val of corr 0.000000
R-square: 0.4870213751
RMSE: 0.3701526020
MSE: 0.1370129488
MAE: 0.2762734007
N* of Features 4
N* of instances 476
