ID: 31
Name Arousal-VR
Function SVMGaussianRegression

R: 0.4182807294 with p-val of corr 0.000000
R-square: 0.1749587686
RMSE: 0.2696356102
MSE: 0.0727033623
MAE: 0.1962252326
N* of Features 7
N* of instances 391
