ID: 17
Name Arousal-VRGame1
Function GPRardrationalquadraticNOAUTOTUNING

R: 0.9892068935 with p-val of corr 0.000000
R-square: 0.9785302782
RMSE: 0.0600488182
MSE: 0.0036058606
MAE: 0.0378831993
N* of Features 5
N* of instances 178
