ID: 24
Name Arousal-NOVRGame2
Function GaussianProcessRegression

R: 0.8425597975 with p-val of corr 0.000000
R-square: 0.7099070123
RMSE: 0.1419763088
MSE: 0.0201572722
MAE: 0.0918995090
N* of Features 11
N* of instances 179
