ID: 24
Name Arousal-NOVR
Function GaussianProcessRegression

R: 0.9021055388 with p-val of corr 0.000000
R-square: 0.8137944031
RMSE: 0.1413271966
MSE: 0.0199733765
MAE: 0.0910795812
N* of Features 8
N* of instances 367
