ID: 24
Name Valence-NOVRGame2
Function GaussianProcessRegression

R: 0.8290994915 with p-val of corr 0.000000
R-square: 0.6874059667
RMSE: 0.1739223825
MSE: 0.0302489951
MAE: 0.1121783223
N* of Features 7
N* of instances 179
