ID: 29
Name Arousal-Player
Function BoostTreeRegression

R: 0.7903277433 with p-val of corr 0.000000
R-square: 0.6246179419
RMSE: 0.2656252832
MSE: 0.0705567911
MAE: 0.2095842579
N* of Features 11
N* of instances 821
