ID: 16
Name Valence-NOVRGame1
Function SVMGaussianRegression

R: 0.7244952467 with p-val of corr 0.000000
R-square: 0.5248933625
RMSE: 0.1829803879
MSE: 0.0334818224
MAE: 0.1261487165
N* of Features 2
N* of instances 192
