ID: 16
Name Valence-NOVR
Function SVMGaussianRegression

R: 0.7048531966 with p-val of corr 0.000000
R-square: 0.4968180287
RMSE: 0.1881362852
MSE: 0.0353952618
MAE: 0.1233934753
N* of Features 5
N* of instances 378
