ID: 17
Name Valence-Player
Function SVMGaussianRegression

R: 0.3364080594 with p-val of corr 0.000000
R-square: 0.1131703824
RMSE: 0.3856285555
MSE: 0.1487093828
MAE: 0.2947079943
N* of Features 7
N* of instances 707
