ID: 34
Name Arousal-VRGame2
Function RandomForestRegression

R: 0.8982925178 with p-val of corr 0.000000
R-square: 0.8069294475
RMSE: 0.1543880042
MSE: 0.0238356558
MAE: 0.1039103632
N* of Features 5
N* of instances 192
