ID: 27
Name Arousal-VRGame1
Function GaussianProcessRegression

R: 0.9945896126 with p-val of corr 0.000000
R-square: 0.9892084975
RMSE: 0.0379007482
MSE: 0.0014364667
MAE: 0.0182480718
N* of Features 5
N* of instances 199
