ID: 27
Name Arousal-VR
Function GaussianProcessRegression

R: 0.9799378910 with p-val of corr 0.000000
R-square: 0.9602782702
RMSE: 0.0741719034
MSE: 0.0055014713
MAE: 0.0348150862
N* of Features 4
N* of instances 376
