ID: 27
Name Valence-VRGame1
Function GaussianProcessRegression

R: 0.9954151665 with p-val of corr 0.000000
R-square: 0.9908513538
RMSE: 0.0328400784
MSE: 0.0010784707
MAE: 0.0181469868
N* of Features 5
N* of instances 199
