ID: 35
Name Arousal-VRGame2
Function RandomForestRegression

R: 0.7915387506 with p-val of corr 0.000000
R-square: 0.6265335937
RMSE: 0.1440420439
MSE: 0.0207481104
MAE: 0.1035468409
N* of Features 5
N* of instances 174
