ID: 35
Name Valence-VR
Function RandomForestRegression

R: 0.7397008059 with p-val of corr 0.000000
R-square: 0.5471572823
RMSE: 0.2319493088
MSE: 0.0538004818
MAE: 0.1762370157
N* of Features 11
N* of instances 441
