ID: 35
Name Valence-VRGame1
Function RandomForestRegression

R: 0.7591885229 with p-val of corr 0.000000
R-square: 0.5763672133
RMSE: 0.2240003756
MSE: 0.0501761683
MAE: 0.1697238269
N* of Features 8
N* of instances 267
