ID: 18
Name Arousal-NOVRGame2
Function GaussianProcessRegression

R: 0.9793339472 with p-val of corr 0.000000
R-square: 0.9590949800
RMSE: 0.1401469860
MSE: 0.0196411777
MAE: 0.0899841998
N* of Features 4
N* of instances 175
