ID: 06
Name Arousal-NOVRGame2
Function GPRardrationalquadraticNOAUTOTUNING

R: 0.8725797051 with p-val of corr 0.000000
R-square: 0.7613953418
RMSE: 0.0607458948
MSE: 0.0036900637
MAE: 0.0084897928
N* of Features 1
N* of instances 220
