ID: 27
Name Arousal-VRGame2
Function GPRardrationalquadraticNOAUTOTUNING

R: 0.9687395755 with p-val of corr 0.000000
R-square: 0.9384563652
RMSE: 0.0907945559
MSE: 0.0082436514
MAE: 0.0548042063
N* of Features 4
N* of instances 177
