ID: 27
Name Arousal-VR
Function GPRardrationalquadraticNOAUTOTUNING

R: 0.9818476720 with p-val of corr 0.000000
R-square: 0.9640248509
RMSE: 0.0705117335
MSE: 0.0049719046
MAE: 0.0346743206
N* of Features 4
N* of instances 376
