ID: 27
Name Valence-VR
Function GPRardrationalquadraticNOAUTOTUNING

R: 0.9768739158 with p-val of corr 0.000000
R-square: 0.9542826474
RMSE: 0.0742399917
MSE: 0.0055115764
MAE: 0.0417684879
N* of Features 11
N* of instances 376
