ID: 25
Name Valence-VRGame2
Function GaussianProcessRegression

R: 0.8310888880 with p-val of corr 0.000000
R-square: 0.6907087397
RMSE: 0.2010837835
MSE: 0.0404346880
MAE: 0.1491117103
N* of Features 4
N* of instances 180
