ID: 28
Name Arousal-VR
Function BoostTreeRegression

R: 0.8774404685 with p-val of corr 0.000000
R-square: 0.7699017758
RMSE: 0.2671889345
MSE: 0.0713899267
MAE: 0.2055455428
N* of Features 9
N* of instances 599
