ID: 28
Name Valence-VRGame2
Function BoostTreeRegression

R: 0.7454129536 with p-val of corr 0.000000
R-square: 0.5556404713
RMSE: 0.2358201148
MSE: 0.0556111265
MAE: 0.1731606551
N* of Features 7
N* of instances 186
