ID: 18
Name Arousal-NOVRGame2
Function GPRardrationalquadraticNOAUTOTUNING

R: 0.9787585053 with p-val of corr 0.000000
R-square: 0.9579682117
RMSE: 0.1425642886
MSE: 0.0203245764
MAE: 0.0906397965
N* of Features 4
N* of instances 175
