ID: 18
Name Valence-NOVRGame2
Function GPRardrationalquadraticNOAUTOTUNING

R: 0.9561362986 with p-val of corr 0.000000
R-square: 0.9141966215
RMSE: 0.1755339049
MSE: 0.0308121518
MAE: 0.1137350786
N* of Features 7
N* of instances 175
