ID: 16
Name Arousal-Player
Function RandomForestRegression

R: 0.8821849838 with p-val of corr 0.000000
R-square: 0.7782503456
RMSE: 0.1333391021
MSE: 0.0177793161
MAE: 0.0813554962
N* of Features 8
N* of instances 765
