ID: 05
Name Valence-VRGame2
Function SVMGaussianRegression

R: 0.4931685181 with p-val of corr 0.000000
R-square: 0.2432151872
RMSE: 0.2073929226
MSE: 0.0430118244
MAE: 0.1420471815
N* of Features 2
N* of instances 170
