ID: 05
Name Arousal-NOVRGame2
Function BoostTreeRegression

R: 0.8123404503 with p-val of corr 0.000000
R-square: 0.6598970072
RMSE: 0.1239176830
MSE: 0.0153555922
MAE: 0.0913247675
N* of Features 5
N* of instances 181
