ID: 33
Name Arousal-NOVRGame2
Function SVMLinearRegression

R: 0.5143585993 with p-val of corr 0.000000
R-square: 0.2645647687
RMSE: 0.3245168931
MSE: 0.1053112139
MAE: 0.2479850028
N* of Features 8
N* of instances 169
