ID: 33
Name Arousal-NOVR
Function SVMLinearRegression

R: 0.5318855289 with p-val of corr 0.000000
R-square: 0.2829022159
RMSE: 0.3384787454
MSE: 0.1145678611
MAE: 0.2775823275
N* of Features 11
N* of instances 510
