ID: 33
Name Valence-NOVRGame1
Function SVMLinearRegression

R: 0.3365033371 with p-val of corr 0.000000
R-square: 0.1132344959
RMSE: 0.4033498654
MSE: 0.1626911139
MAE: 0.3426918053
N* of Features 8
N* of instances 341
