ID: 33
Name Valence-NOVR
Function SVMLinearRegression

R: 0.5456368514 with p-val of corr 0.000000
R-square: 0.2977195736
RMSE: 0.4243904528
MSE: 0.1801072564
MAE: 0.3229430521
N* of Features 9
N* of instances 510
