ID: 33
Name Valence-NOVRGame2
Function SVMLinearRegression

R: 0.6487411313 with p-val of corr 0.000000
R-square: 0.4208650555
RMSE: 0.3422759993
MSE: 0.1171528597
MAE: 0.2658280925
N* of Features 7
N* of instances 169
