ID: 05
Name Arousal-NOVRGame2
Function GPRardrationalquadraticNOAUTOTUNING

R: 0.9124000884 with p-val of corr 0.000000
R-square: 0.8324739213
RMSE: 0.0898269814
MSE: 0.0080688866
MAE: 0.0576030915
N* of Features 5
N* of instances 181
