ID: 05
Name Valence-NOVR
Function GPRardrationalquadraticNOAUTOTUNING

R: 0.9362147954 with p-val of corr 0.000000
R-square: 0.8764981431
RMSE: 0.0645720424
MSE: 0.0041695487
MAE: 0.0363311872
N* of Features 8
N* of instances 403
