ID: 21
Name Arousal-NOVRGame1
Function RandomForestRegression

R: 0.8622433128 with p-val of corr 0.000000
R-square: 0.7434635305
RMSE: 0.1317654527
MSE: 0.0173621345
MAE: 0.0863265263
N* of Features 8
N* of instances 222
