ID: 04
Name Valence-VRGame2
Function GPRardrationalquadraticNOAUTOTUNING

R: 0.9641109029 with p-val of corr 0.000000
R-square: 0.9295098331
RMSE: 0.0620507809
MSE: 0.0038502994
MAE: 0.0336276509
N* of Features 4
N* of instances 190
