ID: 33
Name Valence-Player
Function SVMLinearRegression

R: 0.3634003397 with p-val of corr 0.000000
R-square: 0.1320598069
RMSE: 0.4345059621
MSE: 0.1887954311
MAE: 0.3538373077
N* of Features 10
N* of instances 952
