ID: 05
Name Arousal-NOVRGame2
Function SVMLinearRegression

R: 0.4434012439 with p-val of corr 0.000000
R-square: 0.1966046631
RMSE: 0.1957176658
MSE: 0.0383054047
MAE: 0.1395908590
N* of Features 5
N* of instances 181
