ID: 32
Name Arousal-NOVRGame1
Function GPRardrationalquadraticNOAUTOTUNING

R: 0.9485104909 with p-val of corr 0.000000
R-square: 0.8996721513
RMSE: 0.1100002579
MSE: 0.0121000567
MAE: 0.0684613081
N* of Features 5
N* of instances 259
