ID: 32
Name Arousal-NOVRGame2
Function GPRardrationalquadraticNOAUTOTUNING

R: 0.8742130575 with p-val of corr 0.000000
R-square: 0.7642484699
RMSE: 0.1653118344
MSE: 0.0273280026
MAE: 0.1026329517
N* of Features 2
N* of instances 178
