ID: 20
Name Arousal-NOVR
Function SVMGaussianRegression

R: 0.1026704985 with p-val of corr 0.036096
R-square: 0.0105412313
RMSE: 0.5774999551
MSE: 0.3335061982
MAE: 0.4194603246
N* of Features 11
N* of instances 417
