ID: 20
Name Valence-NOVRGame1
Function SVMGaussianRegression

R: 0.5066591867 with p-val of corr 0.000000
R-square: 0.2567035315
RMSE: 0.5152887714
MSE: 0.2655225180
MAE: 0.4079343648
N* of Features 9
N* of instances 220
