ID: 27
Name Arousal-NOVR
Function SVMGaussianRegression

R: 0.5730581718 with p-val of corr 0.000000
R-square: 0.3283956683
RMSE: 0.2793467659
MSE: 0.0780346156
MAE: 0.2150540399
N* of Features 11
N* of instances 395
