ID: 27
Name Arousal-NOVRGame1
Function SVMGaussianRegression

R: 0.8035908979 with p-val of corr 0.000000
R-square: 0.6457583312
RMSE: 0.1864541362
MSE: 0.0347651449
MAE: 0.1383244140
N* of Features 10
N* of instances 214
