ID: 28
Name Arousal-NOVRGame1
Function BoostTreeRegression

R: 0.9444102241 with p-val of corr 0.000000
R-square: 0.8919106715
RMSE: 0.1465900839
MSE: 0.0214886527
MAE: 0.0986168090
N* of Features 6
N* of instances 220
