ID: 35
Name Arousal-NOVRGame2
Function LinearRegression

R: -0.0200937230 with p-val of corr 0.789485
R-square: 0.0004037577
RMSE: 0.2192370864
MSE: 0.0480649000
MAE: 0.1799985722
N* of Features 4
N* of instances 179
