ID: 35
Name Valence-NOVRGame1
Function LinearRegression

R: 0.6084679329 with p-val of corr 0.000000
R-square: 0.3702332253
RMSE: 0.3605761854
MSE: 0.1300151855
MAE: 0.2709784314
N* of Features 8
N* of instances 197
