ID: 35
Name Valence-NOVRGame2
Function LinearRegression

R: 0.4047818955 with p-val of corr 0.000000
R-square: 0.1638483829
RMSE: 0.3359396000
MSE: 0.1128554149
MAE: 0.2727180534
N* of Features 5
N* of instances 179
