ID: 18
Name Valence-VRGame1
Function SVMGaussianRegression

R: 0.3965470838 with p-val of corr 0.000000
R-square: 0.1572495897
RMSE: 0.2964889843
MSE: 0.0879057178
MAE: 0.2166915454
N* of Features 2
N* of instances 183
