ID: 38
Name Arousal-VR
Function GaussianProcessRegression

R: 0.8667552880 with p-val of corr 0.000000
R-square: 0.7512647293
RMSE: 0.1063317344
MSE: 0.0113064377
MAE: 0.0774167568
N* of Features 5
N* of instances 376
