ID: 38
Name Valence-VRGame2
Function GaussianProcessRegression

R: 0.8555821434 with p-val of corr 0.000000
R-square: 0.7320208041
RMSE: 0.1567454039
MSE: 0.0245691216
MAE: 0.1114556793
N* of Features 8
N* of instances 190
