ID: 03
Name Arousal-VR
Function RandomForestRegression

R: 0.8867460969 with p-val of corr 0.000000
R-square: 0.7863186403
RMSE: 0.1432193501
MSE: 0.0205117823
MAE: 0.0962178318
N* of Features 6
N* of instances 365
