ID: 34
Name Arousal-NOVRGame2
Function GaussianProcessRegression

R: 0.8873019129 with p-val of corr 0.000000
R-square: 0.7873046847
RMSE: 0.0903737053
MSE: 0.0081674066
MAE: 0.0530743691
N* of Features 5
N* of instances 175
