ID: 34
Name Valence-NOVRGame1
Function GaussianProcessRegression

R: 0.8876623752 with p-val of corr 0.000000
R-square: 0.7879444923
RMSE: 0.1355707716
MSE: 0.0183794341
MAE: 0.0912256564
N* of Features 11
N* of instances 203
