ID: 35
Name Valence-Player
Function SVMGaussianRegression

R: 0.5336738837 with p-val of corr 0.000000
R-square: 0.2848078141
RMSE: 0.3138174147
MSE: 0.0984813698
MAE: 0.2308283372
N* of Features 11
N* of instances 817
