ID: 18
Name Valence-NOVRGame1
Function SVMGaussianRegression

R: 0.6663079636 with p-val of corr 0.000000
R-square: 0.4439663023
RMSE: 0.2280686108
MSE: 0.0520152912
MAE: 0.0946590476
N* of Features 5
N* of instances 184
