ID: 18
Name Valence-NOVR
Function SVMGaussianRegression

R: 0.7159228992 with p-val of corr 0.000000
R-square: 0.5125455976
RMSE: 0.4689757776
MSE: 0.2199382799
MAE: 0.3458281917
N* of Features 10
N* of instances 359
