ID: 05
Name Arousal-VR
Function GaussianProcessRegression

R: 0.6223159837 with p-val of corr 0.000000
R-square: 0.3872771835
RMSE: 0.1733407612
MSE: 0.0300470195
MAE: 0.1253595498
N* of Features 5
N* of instances 376
