ID: 05
Name Valence-VRGame2
Function GaussianProcessRegression

R: 0.8696121666 with p-val of corr 0.000000
R-square: 0.7562253203
RMSE: 0.1181149746
MSE: 0.0139511472
MAE: 0.0832639435
N* of Features 2
N* of instances 170
