ID: 34
Name Arousal-VRGame2
Function SVMLinearRegression

R: 0.4875764234 with p-val of corr 0.000000
R-square: 0.2377307687
RMSE: 0.3080474481
MSE: 0.0948932303
MAE: 0.1854366812
N* of Features 5
N* of instances 192
