ID: 29
Name Arousal-NOVRGame2
Function BoostTreeRegression

R: 0.9007644088 with p-val of corr 0.000000
R-square: 0.8113765201
RMSE: 0.1087804987
MSE: 0.0118331969
MAE: 0.0591746184
N* of Features 7
N* of instances 185
