ID: 29
Name Valence-NOVRGame1
Function BoostTreeRegression

R: 0.8238321421 with p-val of corr 0.000000
R-square: 0.6786993983
RMSE: 0.2717036827
MSE: 0.0738228912
MAE: 0.1965362111
N* of Features 5
N* of instances 260
