ID: 17
Name Arousal-NOVRGame2
Function BoostTreeRegression

R: 0.9250867662 with p-val of corr 0.000000
R-square: 0.8557855249
RMSE: 0.1717462122
MSE: 0.0294967614
MAE: 0.1247338627
N* of Features 7
N* of instances 177
