ID: 37
Name Valence-Player
Function RandomForestRegression

R: 0.9067432538 with p-val of corr 0.000000
R-square: 0.8221833283
RMSE: 0.0703523884
MSE: 0.0049494586
MAE: 0.0445972714
N* of Features 8
N* of instances 849
