ID: 36
Name Valence-VR
Function RandomForestRegression

R: 0.8657263131 with p-val of corr 0.000000
R-square: 0.7494820493
RMSE: 0.1459131212
MSE: 0.0212906389
MAE: 0.0924088842
N* of Features 8
N* of instances 405
