ID: 36
Name Valence-VRGame1
Function RandomForestRegression

R: 0.8636663104 with p-val of corr 0.000000
R-square: 0.7459194957
RMSE: 0.0911941502
MSE: 0.0083163730
MAE: 0.0560569992
N* of Features 9
N* of instances 217
