ID: 36
Name Valence-VRGame2
Function RandomForestRegression

R: 0.8677706233 with p-val of corr 0.000000
R-square: 0.7530258547
RMSE: 0.1815933882
MSE: 0.0329761586
MAE: 0.1173449020
N* of Features 5
N* of instances 188
