ID: 18
Name Arousal-Player
Function SVMLinearRegression

R: 0.3463752283 with p-val of corr 0.000000
R-square: 0.1199757988
RMSE: 0.6149796000
MSE: 0.3781999084
MAE: 0.4977695924
N* of Features 6
N* of instances 744
