ID: 18
Name Valence-Player
Function SVMLinearRegression

R: 0.5688871715 with p-val of corr 0.000000
R-square: 0.3236326139
RMSE: 0.4922579734
MSE: 0.2423179124
MAE: 0.3901527782
N* of Features 8
N* of instances 744
