ID: 22
Name Arousal-VR
Function BoostTreeRegression

R: 0.5755493606 with p-val of corr 0.000000
R-square: 0.3312570665
RMSE: 0.2555566765
MSE: 0.0653092149
MAE: 0.1802168548
N* of Features 4
N* of instances 464
