ID: 22
Name Arousal-VRGame1
Function BoostTreeRegression

R: 0.6455679788 with p-val of corr 0.000000
R-square: 0.4167580153
RMSE: 0.2540471145
MSE: 0.0645399364
MAE: 0.1881510490
N* of Features 4
N* of instances 259
