ID: 22
Name Valence-VRGame2
Function BoostTreeRegression

R: 0.5390059966 with p-val of corr 0.000000
R-square: 0.2905274644
RMSE: 0.2756520129
MSE: 0.0759840322
MAE: 0.1921808748
N* of Features 8
N* of instances 205
