ID: 36
Name Arousal-VRGame1
Function GPRardrationalquadraticNOAUTOTUNING

R: 0.9022162005 with p-val of corr 0.000000
R-square: 0.8139940724
RMSE: 0.1616419850
MSE: 0.0261281313
MAE: 0.1066107978
N* of Features 9
N* of instances 217
