ID: 31
Name Arousal-NOVRGame2
Function GaussianProcessRegression

R: 0.9683477694 with p-val of corr 0.000000
R-square: 0.9376974025
RMSE: 0.1066425151
MSE: 0.0113726260
MAE: 0.0584188910
N* of Features 4
N* of instances 219
