ID: 31
Name Valence-NOVRGame1
Function GaussianProcessRegression

R: 0.8440278662 with p-val of corr 0.000000
R-square: 0.7123830389
RMSE: 0.1650005019
MSE: 0.0272251656
MAE: 0.1128228151
N* of Features 4
N* of instances 194
