ID: 32
Name Arousal-VRGame1
Function GPRardrationalquadraticNOAUTOTUNING

R: 0.8573639536 with p-val of corr 0.000000
R-square: 0.7350729489
RMSE: 0.2005459200
MSE: 0.0402186660
MAE: 0.1304227400
N* of Features 5
N* of instances 203
