ID: 34
Name Arousal-NOVRGame1
Function GPRardrationalquadraticNOAUTOTUNING

R: 0.9320250134 with p-val of corr 0.000000
R-square: 0.8686706256
RMSE: 0.1448949534
MSE: 0.0209945475
MAE: 0.0954693422
N* of Features 5
N* of instances 203
