ID: 34
Name Arousal-NOVR
Function GPRardrationalquadraticNOAUTOTUNING

R: 0.9027864811 with p-val of corr 0.000000
R-square: 0.8150234304
RMSE: 0.1422517782
MSE: 0.0202355684
MAE: 0.0813188177
N* of Features 8
N* of instances 378
