ID: 25
Name Arousal-Player
Function SVMLinearRegression

R: 0.5063691656 with p-val of corr 0.000000
R-square: 0.2564097319
RMSE: 0.5095268475
MSE: 0.2596176083
MAE: 0.3909703726
N* of Features 12
N* of instances 982
