ID: 02
Name Valence-Player
Function LinearRegression

R: 0.0757811186 with p-val of corr 0.018010
R-square: 0.0057427779
RMSE: 0.4827266931
MSE: 0.2330250602
MAE: 0.3864042135
N* of Features 14
N* of instances 974
