ID: 16
Name Arousal-NOVR
Function GPRardrationalquadraticNOAUTOTUNING

R: 0.9468034535 with p-val of corr 0.000000
R-square: 0.8964367796
RMSE: 0.1038992140
MSE: 0.0107950467
MAE: 0.0663623100
N* of Features 5
N* of instances 378
