ID: 16
Name Arousal-NOVRGame2
Function GPRardrationalquadraticNOAUTOTUNING

R: 0.9682308837 with p-val of corr 0.000000
R-square: 0.9374710442
RMSE: 0.0511067899
MSE: 0.0026119040
MAE: 0.0272291295
N* of Features 8
N* of instances 186
