ID: 29
Name Arousal-VRGame1
Function GPRardrationalquadraticNOAUTOTUNING

R: 0.9935558464 with p-val of corr 0.000000
R-square: 0.9871532198
RMSE: 0.0705173219
MSE: 0.0049726927
MAE: 0.0442160161
N* of Features 4
N* of instances 203
