ID: 29
Name Valence-VR
Function GPRardrationalquadraticNOAUTOTUNING

R: 0.9538377507 with p-val of corr 0.000000
R-square: 0.9098064546
RMSE: 0.1406788202
MSE: 0.0197905305
MAE: 0.0627943220
N* of Features 9
N* of instances 376
