ID: 28
Name Arousal-VRGame2
Function LinearRegression

R: 0.1652379640 with p-val of corr 0.024204
R-square: 0.0273035847
RMSE: 0.1309441247
MSE: 0.0171463638
MAE: 0.0959946096
N* of Features 3
N* of instances 186
