ID: 28
Name Valence-VR
Function LinearRegression

R: 0.3597183203 with p-val of corr 0.000000
R-square: 0.1293972700
RMSE: 0.4524212511
MSE: 0.2046849884
MAE: 0.3640210021
N* of Features 7
N* of instances 599
