ID: 28
Name Valence-VRGame2
Function LinearRegression

R: 0.1505799684 with p-val of corr 0.040218
R-square: 0.0226743269
RMSE: 0.3499034823
MSE: 0.1224324469
MAE: 0.2400421822
N* of Features 7
N* of instances 186
