ID: 33
Name Valence-VRGame2
Function LinearRegression

R: 0.2730568497 with p-val of corr 0.000328
R-square: 0.0745600432
RMSE: 0.3420863054
MSE: 0.1170230404
MAE: 0.2826156430
N* of Features 5
N* of instances 169
