ID: 33
Name Valence-VR
Function LinearRegression

R: 0.0195331158 with p-val of corr 0.682146
R-square: 0.0003815426
RMSE: 0.4137568906
MSE: 0.1711947645
MAE: 0.3431970595
N* of Features 9
N* of instances 442
