ID: 33
Name Valence-VRGame1
Function LinearRegression

R: 0.2642461482 with p-val of corr 0.000010
R-square: 0.0698260268
RMSE: 0.2807263482
MSE: 0.0788072826
MAE: 0.2226202856
N* of Features 5
N* of instances 273
