ID: 39
Name Arousal-NOVR
Function LinearRegression

R: 0.2830830703 with p-val of corr 0.000000
R-square: 0.0801360247
RMSE: 0.4581237361
MSE: 0.2098773576
MAE: 0.3358069429
N* of Features 7
N* of instances 421
