ID: 13
Name Arousal-VRGame1
Function SVMGaussianRegression

R: 0.2876466629 with p-val of corr 0.000006
R-square: 0.0827406027
RMSE: 0.3487593824
MSE: 0.1216331068
MAE: 0.2724948680
N* of Features 6
N* of instances 239
