ID: 13
Name Valence-VR
Function SVMGaussianRegression

R: 0.4944332295 with p-val of corr 0.000000
R-square: 0.2444642184
RMSE: 0.5231163124
MSE: 0.2736506763
MAE: 0.3772874710
N* of Features 8
N* of instances 398
