ID: 13
Name Valence-VRGame2
Function SVMGaussianRegression

R: 0.4704764736 with p-val of corr 0.000000
R-square: 0.2213481122
RMSE: 0.2443047025
MSE: 0.0596847877
MAE: 0.1882579880
N* of Features 11
N* of instances 159
