ID: 33
Name Valence-VRGame2
Function GPRardrationalquadraticNOAUTOTUNING

R: 0.9722211110 with p-val of corr 0.000000
R-square: 0.9452138886
RMSE: 0.0836193573
MSE: 0.0069921969
MAE: 0.0534454244
N* of Features 5
N* of instances 169
