ID: 33
Name Valence-VRGame1
Function GPRardrationalquadraticNOAUTOTUNING

R: 0.8105599769 with p-val of corr 0.000000
R-square: 0.6570074762
RMSE: 0.1696372840
MSE: 0.0287768081
MAE: 0.1220495901
N* of Features 5
N* of instances 273
