ID: 33
Name Valence-VR
Function GPRardrationalquadraticNOAUTOTUNING

R: 0.9293061356 with p-val of corr 0.000000
R-square: 0.8636098936
RMSE: 0.1535148837
MSE: 0.0235668195
MAE: 0.1038841197
N* of Features 9
N* of instances 442
