ID: 35
Name Valence-Player
Function GaussianProcessRegression

R: 0.8900603556 with p-val of corr 0.000000
R-square: 0.7922074367
RMSE: 0.1714142537
MSE: 0.0293828464
MAE: 0.1265150176
N* of Features 11
N* of instances 817
