ID: 27
Name Arousal-VRGame1
Function SVMLinearRegression

R: 0.7272463932 with p-val of corr 0.000000
R-square: 0.5288873165
RMSE: 0.2569906204
MSE: 0.0660441790
MAE: 0.1905089827
N* of Features 5
N* of instances 199
