ID: 27
Name Arousal-VRGame2
Function SVMLinearRegression

R: 0.6434531367 with p-val of corr 0.000000
R-square: 0.4140319391
RMSE: 0.3020806366
MSE: 0.0912527110
MAE: 0.1962616376
N* of Features 4
N* of instances 177
