ID: 24
Name Arousal-NOVRGame2
Function BoostTreeRegression

R: 0.6309475717 with p-val of corr 0.000000
R-square: 0.3980948383
RMSE: 0.2133155642
MSE: 0.0455035299
MAE: 0.1674746444
N* of Features 11
N* of instances 179
