ID: 33
Name Valence-Player
Function GPRardrationalquadraticNOAUTOTUNING

R: 0.9406412020 with p-val of corr 0.000000
R-square: 0.8848058710
RMSE: 0.1584225158
MSE: 0.0250976935
MAE: 0.1039448915
N* of Features 10
N* of instances 952
