ID: 33
Name Arousal-NOVRGame2
Function SVMGaussianRegression

R: 0.7664298111 with p-val of corr 0.000000
R-square: 0.5874146553
RMSE: 0.2381118879
MSE: 0.0566972712
MAE: 0.1784182002
N* of Features 8
N* of instances 169
