ID: 33
Name Valence-NOVR
Function SVMGaussianRegression

R: 0.6923324242 with p-val of corr 0.000000
R-square: 0.4793241856
RMSE: 0.3629036422
MSE: 0.1316990535
MAE: 0.2591422521
N* of Features 9
N* of instances 510
