ID: 40
Name Valence-VRGame2
Function SVMGaussianRegression

R: 0.1745723238 with p-val of corr 0.006047
R-square: 0.0304754962
RMSE: 0.5292609912
MSE: 0.2801171968
MAE: 0.3916058453
N* of Features 7
N* of instances 246
