ID: 38
Name Valence-VRGame1
Function RandomForestRegression

R: 0.8870219128 with p-val of corr 0.000000
R-square: 0.7868078738
RMSE: 0.1047936691
MSE: 0.0109817131
MAE: 0.0795362878
N* of Features 9
N* of instances 186
