ID: 20
Name Arousal-NOVRGame2
Function LinearRegression

R: -0.0072948928 with p-val of corr 0.918964
R-square: 0.0000532155
RMSE: 0.4773194143
MSE: 0.2278338232
MAE: 0.3666016884
N* of Features 7
N* of instances 197
