ID: 20
Name Arousal-NOVR
Function LinearRegression

R: 0.0033264071 with p-val of corr 0.946006
R-square: 0.0000110650
RMSE: 0.5520609178
MSE: 0.3047712569
MAE: 0.4348639896
N* of Features 11
N* of instances 417
