ID: 20
Name Valence-NOVR
Function LinearRegression

R: 0.0288033824 with p-val of corr 0.557514
R-square: 0.0008296348
RMSE: 0.5485827919
MSE: 0.3009430796
MAE: 0.4504251852
N* of Features 9
N* of instances 417
