ID: 33
Name Valence-Player
Function BoostTreeRegression

R: 0.6912135465 with p-val of corr 0.000000
R-square: 0.4777761669
RMSE: 0.3369207365
MSE: 0.1135155827
MAE: 0.2646602174
N* of Features 10
N* of instances 952
