ID: 19
Name Valence-VRGame2
Function SVMGaussianRegression

R: 0.3976314089 with p-val of corr 0.000000
R-square: 0.1581107373
RMSE: 0.3450640898
MSE: 0.1190692260
MAE: 0.2286038775
N* of Features 9
N* of instances 185
