ID: 19
Name Valence-VRGame1
Function SVMGaussianRegression

R: 0.4741375667 with p-val of corr 0.000000
R-square: 0.2248064322
RMSE: 0.3303870169
MSE: 0.1091555809
MAE: 0.2260437807
N* of Features 8
N* of instances 314
