ID: 19
Name Arousal-NOVRGame2
Function GPRardrationalquadraticNOAUTOTUNING

R: 0.8644691812 with p-val of corr 0.000000
R-square: 0.7473069652
RMSE: 0.1790545541
MSE: 0.0320605333
MAE: 0.1094615915
N* of Features 5
N* of instances 185
