ID: 19
Name Arousal-NOVRGame1
Function GPRardrationalquadraticNOAUTOTUNING

R: 0.9774134409 with p-val of corr 0.000000
R-square: 0.9553370344
RMSE: 0.0825497418
MSE: 0.0068144599
MAE: 0.0556286946
N* of Features 8
N* of instances 190
