ID: 28
Name Arousal-NOVR
Function GPRardrationalquadraticNOAUTOTUNING

R: 0.9880535794 with p-val of corr 0.000000
R-square: 0.9762498758
RMSE: 0.0898333516
MSE: 0.0080700311
MAE: 0.0510491507
N* of Features 7
N* of instances 394
