ID: 24
Name Valence-VR
Function SVMGaussianRegression

R: 0.4815479326 with p-val of corr 0.000000
R-square: 0.2318884114
RMSE: 0.3150805272
MSE: 0.0992757386
MAE: 0.2120165384
N* of Features 8
N* of instances 395
