ID: 32
Name Valence-VRGame2
Function RandomForestRegression

R: 0.9056874090 with p-val of corr 0.000000
R-square: 0.8202696829
RMSE: 0.0931991975
MSE: 0.0086860904
MAE: 0.0604224776
N* of Features 5
N* of instances 180
