ID: 36
Name Arousal-NOVRGame1
Function BoostTreeRegression

R: 0.7106923565 with p-val of corr 0.000000
R-square: 0.5050836256
RMSE: 0.4771763993
MSE: 0.2276973160
MAE: 0.3564821455
N* of Features 5
N* of instances 204
