ID: 36
Name Arousal-NOVR
Function BoostTreeRegression

R: 0.7954788265 with p-val of corr 0.000000
R-square: 0.6327865633
RMSE: 0.4095188726
MSE: 0.1677057070
MAE: 0.3044599317
N* of Features 5
N* of instances 391
