ID: 05
Name Arousal-VRGame1
Function BoostTreeRegression

R: 0.8033658704 with p-val of corr 0.000000
R-square: 0.6453967218
RMSE: 0.1165400469
MSE: 0.0135815825
MAE: 0.0859572413
N* of Features 7
N* of instances 206
