ID: 33
Name Valence-VR
Function RandomForestRegression

R: 0.8873986042 with p-val of corr 0.000000
R-square: 0.7874762828
RMSE: 0.1941113487
MSE: 0.0376792157
MAE: 0.1469146327
N* of Features 9
N* of instances 442
