ID: 33
Name Valence-VRGame1
Function RandomForestRegression

R: 0.7355761117 with p-val of corr 0.000000
R-square: 0.5410722161
RMSE: 0.1984017705
MSE: 0.0393632625
MAE: 0.1531351217
N* of Features 5
N* of instances 273
