ID: 33
Name Valence-VRGame2
Function RandomForestRegression

R: 0.9258955065 with p-val of corr 0.000000
R-square: 0.8572824890
RMSE: 0.1390940854
MSE: 0.0193471646
MAE: 0.1103905036
N* of Features 5
N* of instances 169
