ID: 22
Name Arousal-VRGame1
Function SVMLinearRegression

R: 0.2359413299 with p-val of corr 0.000127
R-square: 0.0556683112
RMSE: 0.3319709958
MSE: 0.1102047421
MAE: 0.1842460408
N* of Features 4
N* of instances 259
