ID: 22
Name Arousal-VR
Function SVMLinearRegression

R: 0.3374244106 with p-val of corr 0.000000
R-square: 0.1138552329
RMSE: 0.2952876954
MSE: 0.0871948231
MAE: 0.1901231068
N* of Features 4
N* of instances 464
