ID: 38
Name Valence-VRGame2
Function BoostTreeRegression

R: 0.7736088428 with p-val of corr 0.000000
R-square: 0.5984706416
RMSE: 0.1945392231
MSE: 0.0378455093
MAE: 0.1467157346
N* of Features 8
N* of instances 190
