ID: 24
Name Arousal-Player
Function GaussianProcessRegression

R: 0.9331370846 with p-val of corr 0.000000
R-square: 0.8707448187
RMSE: 0.1268157864
MSE: 0.0160822437
MAE: 0.0851554050
N* of Features 11
N* of instances 762
