ID: 33
Name Arousal-Player
Function LinearRegression

R: 0.1098610868 with p-val of corr 0.000685
R-square: 0.0120694584
RMSE: 0.3605265648
MSE: 0.1299794039
MAE: 0.3000962849
N* of Features 10
N* of instances 952
