ID: 33
Name Valence-Player
Function LinearRegression

R: 0.0230705002 with p-val of corr 0.477092
R-square: 0.0005322480
RMSE: 0.5447658615
MSE: 0.2967698439
MAE: 0.4290409180
N* of Features 10
N* of instances 952
