ID: 30
Name Valence-Player
Function GPRardrationalquadraticNOAUTOTUNING

R: 0.9677797938 with p-val of corr 0.000000
R-square: 0.9365977293
RMSE: 0.1131157856
MSE: 0.0127951810
MAE: 0.0588666117
N* of Features 7
N* of instances 817
