ID: 35
Name Arousal-VRGame2
Function SVMGaussianRegression

R: 0.8189373978 with p-val of corr 0.000000
R-square: 0.6706584614
RMSE: 0.1326542511
MSE: 0.0175971503
MAE: 0.0865424482
N* of Features 5
N* of instances 174
