ID: 35
Name Valence-VR
Function SVMGaussianRegression

R: 0.6839572730 with p-val of corr 0.000000
R-square: 0.4677975513
RMSE: 0.2466274938
MSE: 0.0608251207
MAE: 0.1629309816
N* of Features 11
N* of instances 441
