ID: 25
Name Valence-Player
Function BoostTreeRegression

R: 0.7923424637 with p-val of corr 0.000000
R-square: 0.6278065798
RMSE: 0.3427594688
MSE: 0.1174840535
MAE: 0.2630342182
N* of Features 8
N* of instances 982
