ID: 37
Name Valence-VR
Function BoostTreeRegression

R: 0.8558754352 with p-val of corr 0.000000
R-square: 0.7325227606
RMSE: 0.0675790535
MSE: 0.0045669285
MAE: 0.0458968424
N* of Features 9
N* of instances 395
