ID: 30
Name Arousal-VRGame2
Function LinearRegression

R: -0.0261492162 with p-val of corr 0.709080
R-square: 0.0006837815
RMSE: 0.2256840043
MSE: 0.0509332698
MAE: 0.1500953852
N* of Features 2
N* of instances 206
