ID: 30
Name Valence-VR
Function LinearRegression

R: 0.2209844572 with p-val of corr 0.000003
R-square: 0.0488341303
RMSE: 0.4709115820
MSE: 0.2217577181
MAE: 0.3998214539
N* of Features 8
N* of instances 440
