ID: 30
Name Valence-VRGame1
Function LinearRegression

R: 0.2218839146 with p-val of corr 0.000629
R-square: 0.0492324715
RMSE: 0.5149588541
MSE: 0.2651826214
MAE: 0.4598664308
N* of Features 12
N* of instances 234
