ID: 21
Name Arousal-NOVRGame2
Function LinearRegression

R: -0.0102967499 with p-val of corr 0.890578
R-square: 0.0001060231
RMSE: 0.2104756500
MSE: 0.0442999993
MAE: 0.1549097848
N* of Features 7
N* of instances 181
