ID: 35
Name Valence-Player
Function LinearRegression

R: -0.0251524308 with p-val of corr 0.472788
R-square: 0.0006326448
RMSE: 3.1075786102
MSE: 9.6570448185
MAE: 1.3653167577
N* of Features 11
N* of instances 817
