ID: 40
Name Valence-Player
Function SVMGaussianRegression

R: 0.4001447139 with p-val of corr 0.000000
R-square: 0.1601157921
RMSE: 0.5145184956
MSE: 0.2647292824
MAE: 0.3713153055
N* of Features 7
N* of instances 1096
