ID: 03
Name Arousal-NOVRGame2
Function RandomForestRegression

R: 0.9544671336 with p-val of corr 0.000000
R-square: 0.9110075092
RMSE: 0.0780457663
MSE: 0.0060911416
MAE: 0.0548356790
N* of Features 4
N* of instances 186
