ID: 03
Name Arousal-NOVRGame1
Function RandomForestRegression

R: 0.8920808295 with p-val of corr 0.000000
R-square: 0.7958082063
RMSE: 0.1250806407
MSE: 0.0156451667
MAE: 0.0787099844
N* of Features 7
N* of instances 244
