ID: 29
Name Valence-NOVRGame2
Function SVMGaussianRegression

R: 0.4176306447 with p-val of corr 0.000000
R-square: 0.1744153554
RMSE: 0.2166108555
MSE: 0.0469202627
MAE: 0.1499617617
N* of Features 5
N* of instances 185
