ID: 30
Name Valence-VRGame2
Function GPRardrationalquadraticNOAUTOTUNING

R: 0.8543049891 with p-val of corr 0.000000
R-square: 0.7298370145
RMSE: 0.1545681128
MSE: 0.0238913015
MAE: 0.0887964044
N* of Features 6
N* of instances 206
