ID: 04
Name Valence-Player
Function SVMGaussianRegression

R: 0.5455407481 with p-val of corr 0.000000
R-square: 0.2976147079
RMSE: 0.1975329405
MSE: 0.0390192626
MAE: 0.1516068850
N* of Features 14
N* of instances 797
