ID: 28
Name Valence-Player
Function RandomForestRegression

R: 0.9166888076 with p-val of corr 0.000000
R-square: 0.8403183700
RMSE: 0.2236339952
MSE: 0.0500121638
MAE: 0.1618074164
N* of Features 12
N* of instances 993
