ID: 14
Name Arousal-NOVRGame1
Function GaussianProcessRegression

R: 0.9389619797 with p-val of corr 0.000000
R-square: 0.8816495993
RMSE: 0.0471233352
MSE: 0.0022206087
MAE: 0.0300866060
N* of Features 5
N* of instances 250
