ID: 14
Name Valence-NOVR
Function GaussianProcessRegression

R: 0.9547761206 with p-val of corr 0.000000
R-square: 0.9115974405
RMSE: 0.0844965703
MSE: 0.0071396704
MAE: 0.0483654798
N* of Features 8
N* of instances 434
