ID: 37
Name Arousal-NOVRGame2
Function GaussianProcessRegression

R: 0.9004490604 with p-val of corr 0.000000
R-square: 0.8108085103
RMSE: 0.0327132647
MSE: 0.0010701577
MAE: 0.0209199045
N* of Features 4
N* of instances 220
