ID: 37
Name Arousal-NOVR
Function GaussianProcessRegression

R: 0.9585708535 with p-val of corr 0.000000
R-square: 0.9188580813
RMSE: 0.0295947326
MSE: 0.0008758482
MAE: 0.0158210559
N* of Features 5
N* of instances 454
