ID: 37
Name Valence-NOVRGame2
Function GaussianProcessRegression

R: 0.9595736158 with p-val of corr 0.000000
R-square: 0.9207815241
RMSE: 0.0501287968
MSE: 0.0025128963
MAE: 0.0297828981
N* of Features 5
N* of instances 220
