ID: 26
Name Valence-VRGame2
Function BoostTreeRegression

R: 0.7485857420 with p-val of corr 0.000000
R-square: 0.5603806131
RMSE: 0.2584768078
MSE: 0.0668102602
MAE: 0.2046099318
N* of Features 4
N* of instances 176
