ID: 40
Name Valence-VRGame2
Function SVMLinearRegression

R: 0.2443557162 with p-val of corr 0.000108
R-square: 0.0597097160
RMSE: 0.5179477656
MSE: 0.2682698879
MAE: 0.3817640198
N* of Features 7
N* of instances 246
