ID: 22
Name Arousal-VRGame1
Function RandomForestRegression

R: 0.8383574390 with p-val of corr 0.000000
R-square: 0.7028431956
RMSE: 0.1866400501
MSE: 0.0348345083
MAE: 0.1224911654
N* of Features 4
N* of instances 259
