ID: 22
Name Valence-VRGame2
Function RandomForestRegression

R: 0.6504029078 with p-val of corr 0.000000
R-square: 0.4230239425
RMSE: 0.2488028068
MSE: 0.0619028367
MAE: 0.1573749345
N* of Features 8
N* of instances 205
