ID: 13
Name Valence-VRGame2
Function LinearRegression

R: 0.1474606253 with p-val of corr 0.063612
R-square: 0.0217446360
RMSE: 0.3227847839
MSE: 0.1041900167
MAE: 0.2327960894
N* of Features 11
N* of instances 159
