ID: 23
Name Arousal-NOVR
Function RandomForestRegression

R: 0.8504204941 with p-val of corr 0.000000
R-square: 0.7232150167
RMSE: 0.1611457970
MSE: 0.0259679679
MAE: 0.1317574614
N* of Features 5
N* of instances 492
