ID: 39
Name Valence-VR
Function SVMLinearRegression

R: 0.5031891352 with p-val of corr 0.000000
R-square: 0.2531993058
RMSE: 0.3547573063
MSE: 0.1258527464
MAE: 0.2376013472
N* of Features 5
N* of instances 428
