ID: 39
Name Valence-VRGame2
Function SVMLinearRegression

R: 0.5165114727 with p-val of corr 0.000000
R-square: 0.2667841014
RMSE: 0.3511232316
MSE: 0.1232875238
MAE: 0.2320242140
N* of Features 9
N* of instances 201
