ID: 22
Name Valence-Player
Function SVMGaussianRegression

R: 0.3689897539 with p-val of corr 0.000000
R-square: 0.1361534385
RMSE: 0.4956463529
MSE: 0.2456653071
MAE: 0.3077258627
N* of Features 8
N* of instances 903
