ID: 36
Name Valence-VR
Function SVMGaussianRegression

R: 0.6865748905 with p-val of corr 0.000000
R-square: 0.4713850803
RMSE: 0.2024187642
MSE: 0.0409733561
MAE: 0.1148093064
N* of Features 8
N* of instances 405
