ID: 28
Name Arousal-VRGame2
Function SVMGaussianRegression

R: 0.5223157945 with p-val of corr 0.000000
R-square: 0.2728137892
RMSE: 0.1135773880
MSE: 0.0128998231
MAE: 0.0671537393
N* of Features 3
N* of instances 186
