ID: 28
Name Valence-VRGame1
Function SVMGaussianRegression

R: 0.8832178631 with p-val of corr 0.000000
R-square: 0.7800737937
RMSE: 0.2022866268
MSE: 0.0409198794
MAE: 0.1313714360
N* of Features 8
N* of instances 413
