ID: 28
Name Valence-VRGame2
Function SVMGaussianRegression

R: 0.7217814122 with p-val of corr 0.000000
R-square: 0.5209684070
RMSE: 0.2621080891
MSE: 0.0687006504
MAE: 0.1425467903
N* of Features 7
N* of instances 186
