ID: 25
Name Valence-VRGame1
Function BoostTreeRegression

R: 0.5445537933 with p-val of corr 0.000000
R-square: 0.2965388338
RMSE: 0.4487544457
MSE: 0.2013805525
MAE: 0.3419764781
N* of Features 10
N* of instances 242
