ID: 14
Name Arousal-NOVRGame2
Function RandomForestRegression

R: 0.9531735619 with p-val of corr 0.000000
R-square: 0.9085398391
RMSE: 0.0519138157
MSE: 0.0026950443
MAE: 0.0265574968
N* of Features 5
N* of instances 184
