ID: 14
Name Arousal-NOVR
Function RandomForestRegression

R: 0.9259826638 with p-val of corr 0.000000
R-square: 0.8574438937
RMSE: 0.0600014988
MSE: 0.0036001799
MAE: 0.0415813622
N* of Features 4
N* of instances 434
