ID: 14
Name Valence-NOVRGame2
Function RandomForestRegression

R: 0.9245152006 with p-val of corr 0.000000
R-square: 0.8547283561
RMSE: 0.0919712338
MSE: 0.0084587078
MAE: 0.0623050071
N* of Features 6
N* of instances 184
