ID: 14
Name Valence-NOVRGame1
Function RandomForestRegression

R: 0.9108888323 with p-val of corr 0.000000
R-square: 0.8297184648
RMSE: 0.0977706135
MSE: 0.0095590929
MAE: 0.0698008788
N* of Features 8
N* of instances 250
