ID: 21
Name Arousal-NOVRGame1
Function BoostTreeRegression

R: 0.7996091622 with p-val of corr 0.000000
R-square: 0.6393748123
RMSE: 0.1494301191
MSE: 0.0223293605
MAE: 0.1019619975
N* of Features 8
N* of instances 222
