ID: 21
Name Arousal-NOVR
Function BoostTreeRegression

R: 0.8264593266 with p-val of corr 0.000000
R-square: 0.6830350185
RMSE: 0.1405541224
MSE: 0.0197554613
MAE: 0.0996356509
N* of Features 5
N* of instances 403
