ID: 08
Name Arousal-VRGame1
Function BoostTreeRegression

R: 0.8496511773 with p-val of corr 0.000000
R-square: 0.7219071231
RMSE: 0.2470653943
MSE: 0.0610413091
MAE: 0.1888349432
N* of Features 8
N* of instances 273
