ID: 08
Name Valence-VRGame1
Function BoostTreeRegression

R: 0.8157823734 with p-val of corr 0.000000
R-square: 0.6655008808
RMSE: 0.2647979537
MSE: 0.0701179563
MAE: 0.1852921573
N* of Features 5
N* of instances 273
