ID: 08
Name Valence-VR
Function BoostTreeRegression

R: 0.7450533980 with p-val of corr 0.000000
R-square: 0.5551045658
RMSE: 0.3026936848
MSE: 0.0916234668
MAE: 0.2225384212
N* of Features 6
N* of instances 443
