ID: 20
Name Arousal-VRGame2
Function LinearRegression

R: 0.0658789487 with p-val of corr 0.285285
R-square: 0.0043400359
RMSE: 0.8209336783
MSE: 0.6739321041
MAE: 0.6753514243
N* of Features 8
N* of instances 265
