ID: 03
Name Arousal-VR
Function GPRardrationalquadraticNOAUTOTUNING

R: 0.9237728289 with p-val of corr 0.000000
R-square: 0.8533562394
RMSE: 0.1144417208
MSE: 0.0130969075
MAE: 0.0656228660
N* of Features 6
N* of instances 365
