ID: 03
Name Arousal-VRGame2
Function GPRardrationalquadraticNOAUTOTUNING

R: 0.8726892903 with p-val of corr 0.000000
R-square: 0.7615865975
RMSE: 0.1118343298
MSE: 0.0125069173
MAE: 0.0490312601
N* of Features 1
N* of instances 178
