ID: 05
Name Arousal-Player
Function RandomForestRegression

R: 0.8507687939 with p-val of corr 0.000000
R-square: 0.7238075407
RMSE: 0.1361646063
MSE: 0.0185408000
MAE: 0.1009114907
N* of Features 8
N* of instances 779
