ID: 24
Name Arousal-NOVR
Function GPRardrationalquadraticNOAUTOTUNING

R: 0.8901525031 with p-val of corr 0.000000
R-square: 0.7923714787
RMSE: 0.1493118191
MSE: 0.0222940193
MAE: 0.0915163294
N* of Features 8
N* of instances 367
