ID: 24
Name Valence-NOVR
Function GPRardrationalquadraticNOAUTOTUNING

R: 0.9420911744 with p-val of corr 0.000000
R-square: 0.8875357809
RMSE: 0.1327307455
MSE: 0.0176174508
MAE: 0.0903443632
N* of Features 11
N* of instances 367
