ID: 24
Name Valence-NOVRGame2
Function GPRardrationalquadraticNOAUTOTUNING

R: 0.8288646629 with p-val of corr 0.000000
R-square: 0.6870166294
RMSE: 0.1746140438
MSE: 0.0304900643
MAE: 0.1099250690
N* of Features 7
N* of instances 179
