ID: 28
Name Arousal-NOVRGame1
Function SVMLinearRegression

R: 0.8353276983 with p-val of corr 0.000000
R-square: 0.6977723635
RMSE: 0.2454060276
MSE: 0.0602241184
MAE: 0.1670932176
N* of Features 6
N* of instances 220
