ID: 28
Name Valence-NOVR
Function SVMLinearRegression

R: 0.7837490392 with p-val of corr 0.000000
R-square: 0.6142625564
RMSE: 0.3807242839
MSE: 0.1449509804
MAE: 0.3001035073
N* of Features 6
N* of instances 394
