ID: 33
Name Valence-NOVR
Function LinearRegression

R: 0.1402225496 with p-val of corr 0.001500
R-square: 0.0196623634
RMSE: 0.5032216778
MSE: 0.2532320570
MAE: 0.4151643117
N* of Features 9
N* of instances 510
