ID: 02
Name Arousal-NOVR
Function GPRardrationalquadraticNOAUTOTUNING

R: 0.9675656441 with p-val of corr 0.000000
R-square: 0.9361832755
RMSE: 0.1117406123
MSE: 0.0124859644
MAE: 0.0676156033
N* of Features 11
N* of instances 514
