ID: 02
Name Valence-NOVRGame1
Function GPRardrationalquadraticNOAUTOTUNING

R: 0.9550864633 with p-val of corr 0.000000
R-square: 0.9121901524
RMSE: 0.1511210580
MSE: 0.0228375742
MAE: 0.0827808458
N* of Features 9
N* of instances 322
