ID: 34
Name Valence-VRGame2
Function GaussianProcessRegression

R: 0.7086156677 with p-val of corr 0.000000
R-square: 0.5021361645
RMSE: 0.1885146257
MSE: 0.0355377641
MAE: 0.1386003352
N* of Features 7
N* of instances 192
