ID: 13
Name Valence-NOVRGame2
Function SVMLinearRegression

R: 0.5072151702 with p-val of corr 0.000000
R-square: 0.2572672289
RMSE: 0.4316572642
MSE: 0.1863279937
MAE: 0.3062992748
N* of Features 4
N* of instances 182
