ID: 17
Name Valence-VRGame2
Function RandomForestRegression

R: 0.9094996937 with p-val of corr 0.000000
R-square: 0.8271896929
RMSE: 0.1852824321
MSE: 0.0343295797
MAE: 0.1379427954
N* of Features 2
N* of instances 169
