ID: 08
Name Arousal-VRGame1
Function LinearRegression

R: 0.1079446736 with p-val of corr 0.074984
R-square: 0.0116520526
RMSE: 0.4691384884
MSE: 0.2200909213
MAE: 0.3575733827
N* of Features 8
N* of instances 273
