ID: 08
Name Arousal-VR
Function LinearRegression

R: 0.0210928639 with p-val of corr 0.657948
R-square: 0.0004449089
RMSE: 0.4756415177
MSE: 0.2262348534
MAE: 0.3851528824
N* of Features 8
N* of instances 443
