ID: 08
Name Valence-VRGame1
Function LinearRegression

R: 0.0016597552 with p-val of corr 0.978222
R-square: 0.0000027548
RMSE: 0.4771686896
MSE: 0.2276899584
MAE: 0.3176586414
N* of Features 5
N* of instances 273
