ID: 08
Name Valence-VR
Function LinearRegression

R: 0.0056744175 with p-val of corr 0.905199
R-square: 0.0000321990
RMSE: 0.4532262685
MSE: 0.2054140505
MAE: 0.3236234735
N* of Features 6
N* of instances 443
