ID: 27
Name Arousal-NOVRGame1
Function GPRardrationalquadraticNOAUTOTUNING

R: 0.9859064615 with p-val of corr 0.000000
R-square: 0.9720115508
RMSE: 0.0520714459
MSE: 0.0027114355
MAE: 0.0321372152
N* of Features 10
N* of instances 214
