ID: 27
Name Valence-NOVRGame2
Function GPRardrationalquadraticNOAUTOTUNING

R: 0.9794040839 with p-val of corr 0.000000
R-square: 0.9592323595
RMSE: 0.0467454312
MSE: 0.0021851353
MAE: 0.0232701956
N* of Features 4
N* of instances 181
