ID: 14
Name Arousal-NOVRGame1
Function SVMGaussianRegression

R: 0.4287542479 with p-val of corr 0.000000
R-square: 0.1838302051
RMSE: 0.1250395250
MSE: 0.0156348828
MAE: 0.0945035065
N* of Features 5
N* of instances 250
