ID: 14
Name Valence-NOVRGame1
Function SVMGaussianRegression

R: 0.7655612740 with p-val of corr 0.000000
R-square: 0.5860840643
RMSE: 0.1538829056
MSE: 0.0236799486
MAE: 0.0971648588
N* of Features 8
N* of instances 250
