ID: 20
Name Valence-VRGame2
Function GaussianProcessRegression

R: 0.9120007817 with p-val of corr 0.000000
R-square: 0.8317454258
RMSE: 0.1635977187
MSE: 0.0267642136
MAE: 0.1183697735
N* of Features 9
N* of instances 265
