ID: 23
Name Arousal-NOVRGame2
Function SVMLinearRegression

R: 0.4328436258 with p-val of corr 0.000000
R-square: 0.1873536044
RMSE: 0.2178902801
MSE: 0.0474761742
MAE: 0.1830364032
N* of Features 5
N* of instances 202
