ID: 23
Name Valence-NOVR
Function SVMLinearRegression

R: 0.4693707352 with p-val of corr 0.000000
R-square: 0.2203088871
RMSE: 0.5181546532
MSE: 0.2684842446
MAE: 0.4194972004
N* of Features 9
N* of instances 492
