ID: 14
Name Arousal-VRGame1
Function SVMGaussianRegression

R: 0.2422770687 with p-val of corr 0.000001
R-square: 0.0586981780
RMSE: 0.2186683647
MSE: 0.0478158537
MAE: 0.1646612903
N* of Features 8
N* of instances 389
