ID: 14
Name Arousal-VRGame2
Function SVMGaussianRegression

R: 0.9199821243 with p-val of corr 0.000000
R-square: 0.8463671091
RMSE: 0.1295130911
MSE: 0.0167736408
MAE: 0.0982640471
N* of Features 2
N* of instances 184
