ID: 31
Name Arousal-Player
Function RandomForestRegression

R: 0.9403693013 with p-val of corr 0.000000
R-square: 0.8842944229
RMSE: 0.1616468764
MSE: 0.0261297127
MAE: 0.1154535078
N* of Features 8
N* of instances 804
