ID: 18
Name Valence-VRGame2
Function SVMLinearRegression

R: 0.7299390761 with p-val of corr 0.000000
R-square: 0.5328110549
RMSE: 0.4154625342
MSE: 0.1726091173
MAE: 0.3115369088
N* of Features 5
N* of instances 202
