ID: 20
Name Arousal-NOVR
Function GaussianProcessRegression

R: 0.7003385352 with p-val of corr 0.000000
R-square: 0.4904740639
RMSE: 0.3890941526
MSE: 0.1513942596
MAE: 0.2611270546
N* of Features 11
N* of instances 417
