ID: 20
Name Valence-NOVR
Function GaussianProcessRegression

R: 0.9002351635 with p-val of corr 0.000000
R-square: 0.8104233497
RMSE: 0.2394790722
MSE: 0.0573502260
MAE: 0.1559657433
N* of Features 9
N* of instances 417
