ID: 02
Name Arousal-NOVRGame2
Function SVMLinearRegression

R: 0.5621465400 with p-val of corr 0.000000
R-square: 0.3160087324
RMSE: 0.2982489308
MSE: 0.0889524247
MAE: 0.2098733220
N* of Features 8
N* of instances 192
