ID: 02
Name Valence-NOVRGame1
Function SVMLinearRegression

R: 0.3932838787 with p-val of corr 0.000000
R-square: 0.1546722093
RMSE: 0.4918859623
MSE: 0.2419517999
MAE: 0.3692668100
N* of Features 9
N* of instances 322
