ID: 18
Name Valence-VRGame2
Function LinearRegression

R: 0.0203949977 with p-val of corr 0.773271
R-square: 0.0004159559
RMSE: 0.5991783674
MSE: 0.3590147160
MAE: 0.5282808844
N* of Features 5
N* of instances 202
