ID: 23
Name Arousal-NOVRGame2
Function SVMGaussianRegression

R: 0.3949335544 with p-val of corr 0.000000
R-square: 0.1559725124
RMSE: 0.2298657096
MSE: 0.0528382444
MAE: 0.1737705575
N* of Features 5
N* of instances 202
