ID: 23
Name Valence-NOVR
Function SVMGaussianRegression

R: 0.6041695419 with p-val of corr 0.000000
R-square: 0.3650208354
RMSE: 0.4717343880
MSE: 0.2225333329
MAE: 0.3516831434
N* of Features 9
N* of instances 492
