ID: 22
Name Arousal-Player
Function SVMLinearRegression

R: 0.2304041758 with p-val of corr 0.000000
R-square: 0.0530860842
RMSE: 0.3002049493
MSE: 0.0901230116
MAE: 0.2028701001
N* of Features 14
N* of instances 903
