ID: 35
Name Arousal-NOVRGame2
Function GaussianProcessRegression

R: 0.9252111508 with p-val of corr 0.000000
R-square: 0.8560156736
RMSE: 0.0833145650
MSE: 0.0069413167
MAE: 0.0524609781
N* of Features 4
N* of instances 179
