ID: 35
Name Arousal-NOVR
Function GaussianProcessRegression

R: 0.9573711063 with p-val of corr 0.000000
R-square: 0.9165594352
RMSE: 0.0783251058
MSE: 0.0061348222
MAE: 0.0450661395
N* of Features 5
N* of instances 376
