ID: 35
Name Arousal-NOVRGame1
Function GaussianProcessRegression

R: 0.9617897605 with p-val of corr 0.000000
R-square: 0.9250395434
RMSE: 0.0828222725
MSE: 0.0068595288
MAE: 0.0405088232
N* of Features 10
N* of instances 197
