ID: 35
Name Valence-NOVRGame2
Function GaussianProcessRegression

R: 0.9725132818 with p-val of corr 0.000000
R-square: 0.9457820833
RMSE: 0.0852593454
MSE: 0.0072691560
MAE: 0.0462543005
N* of Features 5
N* of instances 179
