ID: 35
Name Valence-NOVRGame1
Function GaussianProcessRegression

R: 0.9427085894 with p-val of corr 0.000000
R-square: 0.8886994845
RMSE: 0.1437581652
MSE: 0.0206664101
MAE: 0.1050281905
N* of Features 8
N* of instances 197
