ID: 08
Name Valence-VRGame1
Function SVMGaussianRegression

R: 0.5186908484 with p-val of corr 0.000000
R-square: 0.2690401962
RMSE: 0.4172319459
MSE: 0.1740824967
MAE: 0.2632450286
N* of Features 5
N* of instances 273
