ID: 08
Name Valence-VRGame2
Function SVMGaussianRegression

R: 0.1447316599 with p-val of corr 0.059690
R-square: 0.0209472534
RMSE: 0.4535394333
MSE: 0.2056980176
MAE: 0.3158672248
N* of Features 5
N* of instances 170
