ID: 02
Name Valence-VRGame2
Function RandomForestRegression

R: 0.7254221362 with p-val of corr 0.000000
R-square: 0.5262372757
RMSE: 0.2356906650
MSE: 0.0555500896
MAE: 0.1770778585
N* of Features 5
N* of instances 194
