ID: 06
Name Valence-Player
Function SVMLinearRegression

R: 0.5732781293 with p-val of corr 0.000000
R-square: 0.3286478135
RMSE: 0.3498022330
MSE: 0.1223616022
MAE: 0.2758531644
N* of Features 7
N* of instances 974
