ID: 19
Name Arousal-VR
Function GaussianProcessRegression

R: 0.8884731130 with p-val of corr 0.000000
R-square: 0.7893844725
RMSE: 0.1608200394
MSE: 0.0258630851
MAE: 0.1079743784
N* of Features 9
N* of instances 499
