ID: 19
Name Valence-VRGame2
Function GaussianProcessRegression

R: 0.8705895632 with p-val of corr 0.000000
R-square: 0.7579261876
RMSE: 0.1807650951
MSE: 0.0326760196
MAE: 0.1084778896
N* of Features 9
N* of instances 185
