ID: 28
Name Valence-VRGame2
Function SVMLinearRegression

R: 0.5628382555 with p-val of corr 0.000000
R-square: 0.3167869018
RMSE: 0.2930134377
MSE: 0.0858568746
MAE: 0.2050065483
N* of Features 7
N* of instances 186
