ID: 33
Name Valence-VRGame2
Function SVMLinearRegression

R: 0.3421520656 with p-val of corr 0.000005
R-square: 0.1170680360
RMSE: 0.3342614272
MSE: 0.1117307017
MAE: 0.2765843385
N* of Features 5
N* of instances 169
