ID: 33
Name Valence-VRGame1
Function SVMLinearRegression

R: 0.3886361784 with p-val of corr 0.000000
R-square: 0.1510380792
RMSE: 0.2720117261
MSE: 0.0739903791
MAE: 0.2006894673
N* of Features 5
N* of instances 273
