ID: 33
Name Valence-NOVRGame1
Function BoostTreeRegression

R: 0.7587450298 with p-val of corr 0.000000
R-square: 0.5756940202
RMSE: 0.2792544944
MSE: 0.0779830726
MAE: 0.2125227558
N* of Features 8
N* of instances 341
