ID: 33
Name Valence-NOVRGame2
Function BoostTreeRegression

R: 0.7275309226 with p-val of corr 0.000000
R-square: 0.5293012434
RMSE: 0.3150657692
MSE: 0.0992664389
MAE: 0.2415504710
N* of Features 7
N* of instances 169
