ID: 33
Name Valence-NOVR
Function BoostTreeRegression

R: 0.7324578505 with p-val of corr 0.000000
R-square: 0.5364945028
RMSE: 0.3462485935
MSE: 0.1198880885
MAE: 0.2750764801
N* of Features 9
N* of instances 510
