ID: 22
Name Arousal-NOVRGame1
Function RandomForestRegression

R: 0.8857105094 with p-val of corr 0.000000
R-square: 0.7844831065
RMSE: 0.1389302456
MSE: 0.0193016132
MAE: 0.1041468133
N* of Features 8
N* of instances 240
