ID: 32
Name Arousal-VRGame1
Function SVMLinearRegression

R: 0.2627934294 with p-val of corr 0.000152
R-square: 0.0690603865
RMSE: 0.3775846199
MSE: 0.1425701452
MAE: 0.3134255778
N* of Features 5
N* of instances 203
