ID: 30
Name Arousal-Player
Function SVMLinearRegression

R: 0.6938570428 with p-val of corr 0.000000
R-square: 0.4814375959
RMSE: 0.2552170727
MSE: 0.0651357542
MAE: 0.1681937494
N* of Features 8
N* of instances 817
