ID: 33
Name Valence-Game1
Function GPRardrationalquadraticNOAUTOTUNING

R: 0.8524315599 with p-val of corr 0.000000
R-square: 0.7266395644
RMSE: 0.1954337507
MSE: 0.0381943509
MAE: 0.1400374731
N* of Features 8
N* of instances 614
