ID: 18
Name Arousal-NOVRGame2
Function SVMLinearRegression

R: 0.7752973902 with p-val of corr 0.000000
R-square: 0.6010860432
RMSE: 0.4581671186
MSE: 0.2099171086
MAE: 0.3476086787
N* of Features 4
N* of instances 175
