ID: 18
Name Valence-NOVR
Function SVMLinearRegression

R: 0.8048081441 with p-val of corr 0.000000
R-square: 0.6477161488
RMSE: 0.3970767287
MSE: 0.1576699285
MAE: 0.3345255706
N* of Features 10
N* of instances 359
