ID: 18
Name Valence-NOVRGame2
Function SVMLinearRegression

R: 0.5842746718 with p-val of corr 0.000000
R-square: 0.3413768921
RMSE: 0.4862864613
MSE: 0.2364745225
MAE: 0.3777804711
N* of Features 7
N* of instances 175
