ID: 20
Name Arousal-VRGame1
Function GPRardrationalquadraticNOAUTOTUNING

R: 0.9476575681 with p-val of corr 0.000000
R-square: 0.8980548664
RMSE: 0.1625107768
MSE: 0.0264097526
MAE: 0.1081605623
N* of Features 4
N* of instances 195
