ID: 19
Name Arousal-NOVRGame1
Function LinearRegression

R: 0.1302666623 with p-val of corr 0.073230
R-square: 0.0169694033
RMSE: 0.4601682190
MSE: 0.2117547897
MAE: 0.3666830397
N* of Features 8
N* of instances 190
