ID: 27
Name Arousal-VRGame2
Function BoostTreeRegression

R: 0.9326192536 with p-val of corr 0.000000
R-square: 0.8697786722
RMSE: 0.1323076158
MSE: 0.0175053052
MAE: 0.0968511519
N* of Features 4
N* of instances 177
