ID: 27
Name Valence-VRGame2
Function BoostTreeRegression

R: 0.8852654724 with p-val of corr 0.000000
R-square: 0.7836949567
RMSE: 0.1196273797
MSE: 0.0143107100
MAE: 0.0807007354
N* of Features 5
N* of instances 177
