ID: 27
Name Valence-VR
Function BoostTreeRegression

R: 0.8895759431 with p-val of corr 0.000000
R-square: 0.7913453585
RMSE: 0.1587651858
MSE: 0.0252063842
MAE: 0.1108385847
N* of Features 11
N* of instances 376
