ID: 27
Name Valence-VRGame1
Function BoostTreeRegression

R: 0.9866450240 with p-val of corr 0.000000
R-square: 0.9734684034
RMSE: 0.0561076691
MSE: 0.0031480705
MAE: 0.0343435553
N* of Features 5
N* of instances 199
