ID: 08
Name Arousal-NOVRGame2
Function LinearRegression

R: 0.0508398511 with p-val of corr 0.499128
R-square: 0.0025846905
RMSE: 0.4612385251
MSE: 0.2127409770
MAE: 0.3712330797
N* of Features 6
N* of instances 179
