ID: 08
Name Valence-NOVRGame2
Function LinearRegression

R: 0.1166754308 with p-val of corr 0.119853
R-square: 0.0136131562
RMSE: 0.3380971272
MSE: 0.1143096674
MAE: 0.2786551705
N* of Features 4
N* of instances 179
