ID: 08
Name Valence-NOVR
Function LinearRegression

R: 0.0163951061 with p-val of corr 0.731340
R-square: 0.0002687995
RMSE: 0.4996169598
MSE: 0.2496171066
MAE: 0.4162130963
N* of Features 9
N* of instances 441
