ID: 38
Name Arousal-NOVRGame2
Function SVMGaussianRegression

R: 0.0997642321 with p-val of corr 0.181475
R-square: 0.0099529020
RMSE: 0.2403265763
MSE: 0.0577568633
MAE: 0.1848808165
N* of Features 4
N* of instances 181
