ID: 27
Name Arousal-Game2
Function GPRardrationalquadraticNOAUTOTUNING

R: 0.9759333043 with p-val of corr 0.000000
R-square: 0.9524458144
RMSE: 0.0771735160
MSE: 0.0059557516
MAE: 0.0388742333
N* of Features 9
N* of instances 358
