ID: 27
Name Arousal-Game1
Function GPRardrationalquadraticNOAUTOTUNING

R: 0.9856777752 with p-val of corr 0.000000
R-square: 0.9715606765
RMSE: 0.0592425167
MSE: 0.0035096758
MAE: 0.0305074352
N* of Features 8
N* of instances 413
