ID: 20
Name Arousal-VRGame2
Function SVMLinearRegression

R: 0.6461260465 with p-val of corr 0.000000
R-square: 0.4174788680
RMSE: 0.4876423840
MSE: 0.2377950947
MAE: 0.3983912106
N* of Features 8
N* of instances 265
