ID: 14
Name Valence-VRGame1
Function GPRardrationalquadraticNOAUTOTUNING

R: 0.6660671389 with p-val of corr 0.000000
R-square: 0.4436454335
RMSE: 0.2765574075
MSE: 0.0764839997
MAE: 0.2023158494
N* of Features 4
N* of instances 389
