ID: 14
Name Arousal-VRGame2
Function SVMLinearRegression

R: 0.7863125363 with p-val of corr 0.000000
R-square: 0.6182874048
RMSE: 0.2002593328
MSE: 0.0401038004
MAE: 0.1607690796
N* of Features 2
N* of instances 184
