ID: 14
Name Valence-VR
Function SVMLinearRegression

R: 0.5419683200 with p-val of corr 0.000000
R-square: 0.2937296599
RMSE: 0.3596111434
MSE: 0.1293201744
MAE: 0.2699262025
N* of Features 5
N* of instances 573
