ID: 14
Name Valence-VRGame2
Function SVMLinearRegression

R: 0.5960937045 with p-val of corr 0.000000
R-square: 0.3553277045
RMSE: 0.3229056514
MSE: 0.1042680597
MAE: 0.2563075892
N* of Features 2
N* of instances 184
