ID: 31
Name Arousal-Game2
Function GPRardrationalquadraticNOAUTOTUNING

R: 0.9584249997 with p-val of corr 0.000000
R-square: 0.9185784801
RMSE: 0.1407178991
MSE: 0.0198015271
MAE: 0.0913284688
N* of Features 6
N* of instances 423
