ID: 20
Name Arousal-VR
Function BoostTreeRegression

R: 0.8128007605 with p-val of corr 0.000000
R-square: 0.6606450763
RMSE: 0.3388533536
MSE: 0.1148215952
MAE: 0.2397171560
N* of Features 11
N* of instances 460
