ID: 35
Name Arousal-NOVRGame2
Function RandomForestRegression

R: 0.9158903418 with p-val of corr 0.000000
R-square: 0.8388551183
RMSE: 0.0945387912
MSE: 0.0089375831
MAE: 0.0705560670
N* of Features 4
N* of instances 179
