ID: 36
Name Valence-VRGame2
Function GaussianProcessRegression

R: 0.9353274198 with p-val of corr 0.000000
R-square: 0.8748373822
RMSE: 0.1258923830
MSE: 0.0158488921
MAE: 0.0671934006
N* of Features 5
N* of instances 188
