ID: 36
Name Valence-VR
Function GaussianProcessRegression

R: 0.8641622527 with p-val of corr 0.000000
R-square: 0.7467763991
RMSE: 0.1383049500
MSE: 0.0191282592
MAE: 0.0800234565
N* of Features 8
N* of instances 405
