ID: 04
Name Arousal-Player
Function LinearRegression

R: -0.0253703165 with p-val of corr 0.474470
R-square: 0.0006436530
RMSE: 0.2950010747
MSE: 0.0870256341
MAE: 0.2321342830
N* of Features 11
N* of instances 797
