ID: 40
Name Valence-NOVRGame2
Function SVMLinearRegression

R: 0.4382220722 with p-val of corr 0.000000
R-square: 0.1920385846
RMSE: 0.3614865872
MSE: 0.1306725527
MAE: 0.2533071532
N* of Features 7
N* of instances 255
