ID: 29
Name Valence-VRGame2
Function SVMLinearRegression

R: 0.7889159415 with p-val of corr 0.000000
R-square: 0.6223883627
RMSE: 0.2321481124
MSE: 0.0538927461
MAE: 0.1731435371
N* of Features 8
N* of instances 173
