ID: 29
Name Arousal-Player
Function LinearRegression

R: 0.0091333785 with p-val of corr 0.793856
R-square: 0.0000834186
RMSE: 0.4453934530
MSE: 0.1983753280
MAE: 0.3679534293
N* of Features 11
N* of instances 821
