ID: 25
Name Arousal-Player
Function LinearRegression

R: 0.2546445577 with p-val of corr 0.000000
R-square: 0.0648438508
RMSE: 0.5723150550
MSE: 0.3275445221
MAE: 0.4715120808
N* of Features 12
N* of instances 982
