ID: 29
Name Arousal-NOVR
Function GPRardrationalquadraticNOAUTOTUNING

R: 0.9573476112 with p-val of corr 0.000000
R-square: 0.9165144486
RMSE: 0.1029390344
MSE: 0.0105964448
MAE: 0.0668229804
N* of Features 10
N* of instances 445
