ID: 37
Name Arousal-VRGame2
Function LinearRegression

R: 0.6315705045 with p-val of corr 0.000000
R-square: 0.3988813022
RMSE: 0.1165698558
MSE: 0.0135885313
MAE: 0.0884539802
N* of Features 4
N* of instances 193
