ID: 37
Name Valence-VRGame2
Function LinearRegression

R: 0.7672224671 with p-val of corr 0.000000
R-square: 0.5886303140
RMSE: 0.0861115103
MSE: 0.0074151922
MAE: 0.0697222798
N* of Features 3
N* of instances 193
