ID: 37
Name Valence-VR
Function LinearRegression

R: 0.5590195207 with p-val of corr 0.000000
R-square: 0.3125028246
RMSE: 0.1102091645
MSE: 0.0121460599
MAE: 0.0866153927
N* of Features 9
N* of instances 395
