ID: 35
Name Valence-Game1
Function GPRardrationalquadraticNOAUTOTUNING

R: 0.8206141391 with p-val of corr 0.000000
R-square: 0.6734075653
RMSE: 0.2167215358
MSE: 0.0469682241
MAE: 0.1642552868
N* of Features 4
N* of instances 464
