ID: 27
Name Arousal-Player
Function GaussianProcessRegression

R: 0.9726717072 with p-val of corr 0.000000
R-square: 0.9460902499
RMSE: 0.0826533303
MSE: 0.0068315730
MAE: 0.0469401633
N* of Features 10
N* of instances 771
