ID: 17
Name Valence-VRGame2
Function SVMGaussianRegression

R: 0.8752276750 with p-val of corr 0.000000
R-square: 0.7660234831
RMSE: 0.2156281412
MSE: 0.0464954953
MAE: 0.1589603194
N* of Features 2
N* of instances 169
