ID: 17
Name Valence-VRGame1
Function SVMGaussianRegression

R: 0.9543191026 with p-val of corr 0.000000
R-square: 0.9107249496
RMSE: 0.1674421231
MSE: 0.0280368646
MAE: 0.0941223320
N* of Features 5
N* of instances 178
