ID: 26
Name Arousal-NOVRGame1
Function GaussianProcessRegression

R: 0.9509204753 with p-val of corr 0.000000
R-square: 0.9042497503
RMSE: 0.0738077468
MSE: 0.0054475835
MAE: 0.0414199252
N* of Features 5
N* of instances 185
