ID: 35
Name Arousal-VRGame2
Function LinearRegression

R: 0.3435815739 with p-val of corr 0.000003
R-square: 0.1180482979
RMSE: 0.2221594291
MSE: 0.0493548119
MAE: 0.1796671179
N* of Features 5
N* of instances 174
