ID: 35
Name Valence-VR
Function LinearRegression

R: 0.0118650852 with p-val of corr 0.803772
R-square: 0.0001407802
RMSE: 0.3556310314
MSE: 0.1264734305
MAE: 0.2828560458
N* of Features 11
N* of instances 441
