ID: 35
Name Valence-VRGame2
Function LinearRegression

R: 0.1406002697 with p-val of corr 0.064244
R-square: 0.0197684358
RMSE: 0.3346895208
MSE: 0.1120170754
MAE: 0.2786944853
N* of Features 4
N* of instances 174
