ID: 23
Name Arousal-VR
Function GaussianProcessRegression

R: 0.9375056454 with p-val of corr 0.000000
R-square: 0.8789168352
RMSE: 0.0772376844
MSE: 0.0059656599
MAE: 0.0413487957
N* of Features 8
N* of instances 855
