ID: 23
Name Valence-VRGame2
Function GaussianProcessRegression

R: 0.9137902660 with p-val of corr 0.000000
R-square: 0.8350126502
RMSE: 0.1203983327
MSE: 0.0144957585
MAE: 0.0598031550
N* of Features 5
N* of instances 523
