ID: 13
Name Valence-NOVRGame1
Function RandomForestRegression

R: 0.6950573852 with p-val of corr 0.000000
R-square: 0.4831047687
RMSE: 0.4288395795
MSE: 0.1839033849
MAE: 0.3451766163
N* of Features 5
N* of instances 209
