ID: 27
Name Arousal-NOVRGame1
Function SVMLinearRegression

R: 0.7952308508 with p-val of corr 0.000000
R-square: 0.6323921060
RMSE: 0.1879972474
MSE: 0.0353429650
MAE: 0.1387420966
N* of Features 10
N* of instances 214
