ID: 27
Name Valence-NOVR
Function SVMLinearRegression

R: 0.6105724856 with p-val of corr 0.000000
R-square: 0.3727987601
RMSE: 0.2380868609
MSE: 0.0566853534
MAE: 0.1780657965
N* of Features 7
N* of instances 395
