ID: 27
Name Valence-NOVRGame1
Function SVMLinearRegression

R: 0.6030733636 with p-val of corr 0.000000
R-square: 0.3636974819
RMSE: 0.2798001785
MSE: 0.0782881399
MAE: 0.2160061373
N* of Features 7
N* of instances 214
