ID: 33
Name Arousal-NOVRGame2
Function RandomForestRegression

R: 0.8176823880 with p-val of corr 0.000000
R-square: 0.6686044876
RMSE: 0.2175138003
MSE: 0.0473122533
MAE: 0.1583162194
N* of Features 8
N* of instances 169
