ID: 33
Name Valence-NOVRGame2
Function RandomForestRegression

R: 0.7769722365 with p-val of corr 0.000000
R-square: 0.6036858562
RMSE: 0.2877925806
MSE: 0.0828245694
MAE: 0.2251863496
N* of Features 7
N* of instances 169
