ID: 38
Name Valence-VR
Function GPRardrationalquadraticNOAUTOTUNING

R: 0.9291649898 with p-val of corr 0.000000
R-square: 0.8633475784
RMSE: 0.1228878473
MSE: 0.0151014230
MAE: 0.0833079657
N* of Features 12
N* of instances 376
