ID: 29
Name Arousal-NOVR
Function LinearRegression

R: -0.0122130781 with p-val of corr 0.797240
R-square: 0.0001491593
RMSE: 0.4787381392
MSE: 0.2291902059
MAE: 0.3777108497
N* of Features 10
N* of instances 445
