ID: 29
Name Arousal-NOVRGame2
Function LinearRegression

R: -0.0389573331 with p-val of corr 0.598551
R-square: 0.0015176738
RMSE: 0.2467480766
MSE: 0.0608846133
MAE: 0.1787613533
N* of Features 7
N* of instances 185
