ID: 03
Name Arousal-VR
Function BoostTreeRegression

R: 0.7506657935 with p-val of corr 0.000000
R-square: 0.5634991335
RMSE: 0.1955973432
MSE: 0.0382583207
MAE: 0.1467365093
N* of Features 6
N* of instances 365
