ID: 03
Name Valence-VRGame2
Function BoostTreeRegression

R: 0.8100775182 with p-val of corr 0.000000
R-square: 0.6562255855
RMSE: 0.2416464115
MSE: 0.0583929882
MAE: 0.1776864490
N* of Features 9
N* of instances 178
