ID: 02
Name Arousal-NOVRGame2
Function LinearRegression

R: 0.2772830292 with p-val of corr 0.000099
R-square: 0.0768858783
RMSE: 0.3892507591
MSE: 0.1515161535
MAE: 0.3091742758
N* of Features 8
N* of instances 192
