ID: 02
Name Valence-NOVRGame1
Function LinearRegression

R: 0.0012469277 with p-val of corr 0.982218
R-square: 0.0000015548
RMSE: 0.5093632225
MSE: 0.2594508924
MAE: 0.4330859108
N* of Features 9
N* of instances 322
