ID: 02
Name Valence-NOVR
Function LinearRegression

R: 0.3031152014 with p-val of corr 0.000000
R-square: 0.0918788253
RMSE: 0.4980826694
MSE: 0.2480863455
MAE: 0.4008454513
N* of Features 7
N* of instances 514
