ID: 28
Name Arousal-NOVRGame1
Function SVMGaussianRegression

R: 0.9465634646 with p-val of corr 0.000000
R-square: 0.8959823925
RMSE: 0.1515647116
MSE: 0.0229718618
MAE: 0.1095830472
N* of Features 6
N* of instances 220
