ID: 14
Name Arousal-Player
Function GaussianProcessRegression

R: 0.9745740870 with p-val of corr 0.000000
R-square: 0.9497946511
RMSE: 0.0590799048
MSE: 0.0034904352
MAE: 0.0334375453
N* of Features 8
N* of instances 1007
