ID: 14
Name Valence-Player
Function GaussianProcessRegression

R: 0.9216455322 with p-val of corr 0.000000
R-square: 0.8494304870
RMSE: 0.1497478488
MSE: 0.0224244182
MAE: 0.1040671232
N* of Features 8
N* of instances 1007
