ID: 39
Name Valence-VR
Function BoostTreeRegression

R: 0.7903297705 with p-val of corr 0.000000
R-square: 0.6246211462
RMSE: 0.2396218199
MSE: 0.0574186166
MAE: 0.1758851954
N* of Features 5
N* of instances 428
