ID: 39
Name Valence-VRGame2
Function BoostTreeRegression

R: 0.8489531951 with p-val of corr 0.000000
R-square: 0.7207215275
RMSE: 0.2122264924
MSE: 0.0450400841
MAE: 0.1536276528
N* of Features 9
N* of instances 201
