ID: 27
Name Arousal-VRGame1
Function RandomForestRegression

R: 0.9908230220 with p-val of corr 0.000000
R-square: 0.9817302608
RMSE: 0.0495010611
MSE: 0.0024503551
MAE: 0.0282074189
N* of Features 5
N* of instances 199
