ID: 27
Name Valence-VR
Function RandomForestRegression

R: 0.9654595350 with p-val of corr 0.000000
R-square: 0.9321121138
RMSE: 0.0973833286
MSE: 0.0094835127
MAE: 0.0660263611
N* of Features 11
N* of instances 376
