ID: 27
Name Valence-VRGame2
Function RandomForestRegression

R: 0.8946832044 with p-val of corr 0.000000
R-square: 0.8004580363
RMSE: 0.1196415357
MSE: 0.0143140971
MAE: 0.0808088280
N* of Features 5
N* of instances 177
