ID: 27
Name Valence-VRGame1
Function RandomForestRegression

R: 0.9875283531 with p-val of corr 0.000000
R-square: 0.9752122481
RMSE: 0.0544762448
MSE: 0.0029676612
MAE: 0.0363039182
N* of Features 5
N* of instances 199
