ID: 20
Name Valence-Player
Function SVMLinearRegression

R: 0.3571077115 with p-val of corr 0.000000
R-square: 0.1275259176
RMSE: 0.4821432288
MSE: 0.2324620931
MAE: 0.3599825674
N* of Features 10
N* of instances 877
