ID: 32
Name Valence-VRGame1
Function SVMGaussianRegression

R: 0.6647027431 with p-val of corr 0.000000
R-square: 0.4418297367
RMSE: 0.2147910774
MSE: 0.0461352069
MAE: 0.1540750422
N* of Features 6
N* of instances 203
