ID: 33
Name Valence-VRGame1
Function GaussianProcessRegression

R: 0.8395287716 with p-val of corr 0.000000
R-square: 0.7048085583
RMSE: 0.1583545610
MSE: 0.0250761670
MAE: 0.1156648668
N* of Features 5
N* of instances 273
