ID: 33
Name Valence-VR
Function GaussianProcessRegression

R: 0.9396307842 with p-val of corr 0.000000
R-square: 0.8829060106
RMSE: 0.1427541941
MSE: 0.0203787599
MAE: 0.0968490042
N* of Features 9
N* of instances 442
