ID: 33
Name Valence-VRGame2
Function GaussianProcessRegression

R: 0.9715247139 with p-val of corr 0.000000
R-square: 0.9438602697
RMSE: 0.0847461955
MSE: 0.0071819177
MAE: 0.0560025580
N* of Features 5
N* of instances 169
