ID: 31
Name Arousal-NOVRGame1
Function GPRardrationalquadraticNOAUTOTUNING

R: 0.9519326881 with p-val of corr 0.000000
R-square: 0.9061758427
RMSE: 0.0839245387
MSE: 0.0070433282
MAE: 0.0477960911
N* of Features 5
N* of instances 194
