ID: 33
Name Valence-NOVRGame2
Function GaussianProcessRegression

R: 0.8579610863 with p-val of corr 0.000000
R-square: 0.7360972256
RMSE: 0.2307868939
MSE: 0.0532625904
MAE: 0.1654164739
N* of Features 7
N* of instances 169
