ID: 33
Name Valence-NOVRGame1
Function GaussianProcessRegression

R: 0.8948496484 with p-val of corr 0.000000
R-square: 0.8007558932
RMSE: 0.1901847911
MSE: 0.0361702548
MAE: 0.1230254398
N* of Features 8
N* of instances 341
