ID: 17
Name Arousal-NOVRGame2
Function LinearRegression

R: -0.0864691274 with p-val of corr 0.252462
R-square: 0.0074769100
RMSE: 0.4534493959
MSE: 0.2056163546
MAE: 0.4010694085
N* of Features 7
N* of instances 177
