ID: 39
Name Arousal-VRGame1
Function LinearRegression

R: 0.0134181939 with p-val of corr 0.840653
R-square: 0.0001800479
RMSE: 0.3907183793
MSE: 0.1526608520
MAE: 0.3099507565
N* of Features 5
N* of instances 227
