ID: 39
Name Arousal-VRGame2
Function LinearRegression

R: 0.2327040169 with p-val of corr 0.000886
R-square: 0.0541511595
RMSE: 0.3418833167
MSE: 0.1168842022
MAE: 0.2552782811
N* of Features 7
N* of instances 201
