ID: 33
Name Valence-Player
Function SVMGaussianRegression

R: 0.3703067272 with p-val of corr 0.000000
R-square: 0.1371270722
RMSE: 0.4399919637
MSE: 0.1935929281
MAE: 0.3537795536
N* of Features 10
N* of instances 952
