ID: 31
Name Valence-VRGame2
Function GPRardrationalquadraticNOAUTOTUNING

R: 0.8149161769 with p-val of corr 0.000000
R-square: 0.6640883754
RMSE: 0.1540930431
MSE: 0.0237446659
MAE: 0.1091501354
N* of Features 7
N* of instances 204
