ID: 38
Name Valence-NOVR
Function SVMLinearRegression

R: 0.6709901154 with p-val of corr 0.000000
R-square: 0.4502277350
RMSE: 0.2362994793
MSE: 0.0558374439
MAE: 0.1863052217
N* of Features 8
N* of instances 372
