ID: 23
Name Arousal-NOVRGame2
Function GPRardrationalquadraticNOAUTOTUNING

R: 0.8690631759 with p-val of corr 0.000000
R-square: 0.7552708037
RMSE: 0.1205965670
MSE: 0.0145435320
MAE: 0.0866322018
N* of Features 5
N* of instances 202
