ID: 21
Name Arousal-VRGame1
Function SVMGaussianRegression

R: 0.3323757130 with p-val of corr 0.000001
R-square: 0.1104736146
RMSE: 0.1802041840
MSE: 0.0324735479
MAE: 0.1049995229
N* of Features 7
N* of instances 211
