ID: 21
Name Valence-VRGame1
Function SVMGaussianRegression

R: 0.0248488670 with p-val of corr 0.719698
R-square: 0.0006174662
RMSE: 0.1600097204
MSE: 0.0256031106
MAE: 0.1096218161
N* of Features 4
N* of instances 211
