ID: 30
Name Valence-VRGame1
Function RandomForestRegression

R: 0.8827174279 with p-val of corr 0.000000
R-square: 0.7791900576
RMSE: 0.2562447857
MSE: 0.0656613902
MAE: 0.1975006021
N* of Features 12
N* of instances 234
