ID: 36
Name Valence-Player
Function GaussianProcessRegression

R: 0.9758794714 with p-val of corr 0.000000
R-square: 0.9523407426
RMSE: 0.1151334446
MSE: 0.0132557101
MAE: 0.0646697716
N* of Features 11
N* of instances 796
