ID: 30
Name Arousal-NOVRGame2
Function GaussianProcessRegression

R: 0.9576574901 with p-val of corr 0.000000
R-square: 0.9171078684
RMSE: 0.0460419416
MSE: 0.0021198604
MAE: 0.0222411997
N* of Features 5
N* of instances 179
