ID: 37
Name Valence-VRGame1
Function SVMGaussianRegression

R: 0.5073802469 with p-val of corr 0.000000
R-square: 0.2574347149
RMSE: 0.0818908178
MSE: 0.0067061060
MAE: 0.0519370801
N* of Features 5
N* of instances 202
