ID: 37
Name Valence-VRGame2
Function SVMGaussianRegression

R: 0.9496284642 with p-val of corr 0.000000
R-square: 0.9017942200
RMSE: 0.0427586666
MSE: 0.0018283036
MAE: 0.0220303630
N* of Features 3
N* of instances 193
