ID: 26
Name Arousal-VRGame1
Function SVMGaussianRegression

R: 0.5951897136 with p-val of corr 0.000000
R-square: 0.3542507952
RMSE: 0.1670252560
MSE: 0.0278974361
MAE: 0.1189689782
N* of Features 6
N* of instances 189
