ID: 26
Name Valence-VRGame2
Function SVMGaussianRegression

R: 0.5132094061 with p-val of corr 0.000000
R-square: 0.2633838945
RMSE: 0.3399327673
MSE: 0.1155542863
MAE: 0.2284693770
N* of Features 4
N* of instances 176
