ID: 26
Name Valence-VRGame1
Function SVMGaussianRegression

R: 0.7561982990 with p-val of corr 0.000000
R-square: 0.5718358673
RMSE: 0.2261001680
MSE: 0.0511212860
MAE: 0.1236947097
N* of Features 4
N* of instances 189
