ID: 33
Name Arousal-NOVRGame2
Function GPRardrationalquadraticNOAUTOTUNING

R: 0.8483005135 with p-val of corr 0.000000
R-square: 0.7196137611
RMSE: 0.1954680374
MSE: 0.0382077536
MAE: 0.1367978647
N* of Features 8
N* of instances 169
