ID: 33
Name Valence-NOVRGame1
Function GPRardrationalquadraticNOAUTOTUNING

R: 0.9043977920 with p-val of corr 0.000000
R-square: 0.8179353662
RMSE: 0.1826899748
MSE: 0.0333756269
MAE: 0.1225098183
N* of Features 8
N* of instances 341
