ID: 33
Name Valence-NOVR
Function GPRardrationalquadraticNOAUTOTUNING

R: 0.9055623187 with p-val of corr 0.000000
R-square: 0.8200431131
RMSE: 0.2154458037
MSE: 0.0464168944
MAE: 0.1457698298
N* of Features 9
N* of instances 510
