ID: 32
Name Arousal-NOVRGame2
Function SVMGaussianRegression

R: 0.3841327813 with p-val of corr 0.000000
R-square: 0.1475579937
RMSE: 0.3173073197
MSE: 0.1006839351
MAE: 0.2455756441
N* of Features 2
N* of instances 178
