ID: 34
Name Valence-VRGame1
Function GPRardrationalquadraticNOAUTOTUNING

R: 0.8805814168 with p-val of corr 0.000000
R-square: 0.7754236317
RMSE: 0.1403874421
MSE: 0.0197086339
MAE: 0.1005142484
N* of Features 5
N* of instances 204
