ID: 22
Name Arousal-VR
Function GaussianProcessRegression

R: 0.8041271710 with p-val of corr 0.000000
R-square: 0.6466205072
RMSE: 0.1813176525
MSE: 0.0328760911
MAE: 0.1163880333
N* of Features 4
N* of instances 464
