ID: 21
Name Arousal-Game1
Function GPRardrationalquadraticNOAUTOTUNING

R: 0.9318645465 with p-val of corr 0.000000
R-square: 0.8683715330
RMSE: 0.0997386215
MSE: 0.0099477926
MAE: 0.0519364752
N* of Features 11
N* of instances 433
