ID: 24
Name Arousal-VRGame1
Function RandomForestRegression

R: 0.7210760825 with p-val of corr 0.000000
R-square: 0.5199507167
RMSE: 0.2247087066
MSE: 0.0504940028
MAE: 0.1760006497
N* of Features 11
N* of instances 211
