ID: 24
Name Valence-VRGame2
Function RandomForestRegression

R: 0.9414109434 with p-val of corr 0.000000
R-square: 0.8862545644
RMSE: 0.1127989973
MSE: 0.0127236138
MAE: 0.0727182925
N* of Features 9
N* of instances 184
