ID: 40
Name Arousal-VR
Function GaussianProcessRegression

R: 0.8471042661 with p-val of corr 0.000000
R-square: 0.7175856376
RMSE: 0.1493785760
MSE: 0.0223139590
MAE: 0.1007861758
N* of Features 8
N* of instances 476
