ID: 40
Name Valence-VRGame2
Function GaussianProcessRegression

R: 0.8980416062 with p-val of corr 0.000000
R-square: 0.8064787265
RMSE: 0.2322675717
MSE: 0.0539482249
MAE: 0.1549626181
N* of Features 7
N* of instances 246
