ID: 16
Name Arousal-NOVRGame2
Function SVMLinearRegression

R: 0.3410308029 with p-val of corr 0.000002
R-square: 0.1163020085
RMSE: 0.2013575800
MSE: 0.0405448750
MAE: 0.1542642878
N* of Features 8
N* of instances 186
