ID: 27
Name Arousal-Player
Function LinearRegression

R: 0.5079409619 with p-val of corr 0.000000
R-square: 0.2580040208
RMSE: 0.3244628621
MSE: 0.1052761489
MAE: 0.2785194396
N* of Features 10
N* of instances 771
