Arousal,Valence
51,49
51,49
51,49
51,49
51,49
51,49
51,49
51,49
51,49
51,49
51,49
51,49
51,49
51,49
51,49
51,49
51,49
51,49
51,49
51,49
51,49
51,49
51,49
51,49
51,49
51,49
51,49
51,49
51,49
51,49
51,49
51,49
51,49
51,49
51,49
51,49
51,49
51,49
51,49
51,49
51,49
51,49
51,49
51,49
51,49
51,49
51,49
51,49
51,49
51,49
51,49
51,49
51,49
51,49
51,49
51,49
51,49
51,49
51,49
51,49
51,49
51,49
51,49
51,49
51,49
51,49
51,49
51,49
51,49
51,49
51,49
51,49
51,49
51,49
51,49
51,49
51,49
51,49
51,49
51,49
51,49
51,49
51,49
51,49
51,49
51,49
51,49
51,49
51,49
51,49
51,49
51,49
51,49
51,49
51,49
51,49
51,49
51,49
51,49
51,49
51,49
51,49
51,49
51,49
51,49
51,49
51,49
51,49
51,49
51,49
51,49
51,49
51,49
51,49
51,49
51,49
51,49
51,49
51,49
51,49
51,49
51,49
51,49
51,49
51,49
51,49
51,49
51,49
51,49
51,49
51,49
51,49
51,49
51,49
51,49
51,49
51,49
51,49
51,49
51,49
51,49
51,49
51,49
51,49
51,49
51,49
51,49
51,49
51,49
51,49
51,49
51,49
51,49
51,49
51,49
51,49
51,49
51,49
51,49
51,49
51,49
51,49
51,49
51,49
51,49
51,49
51,49
51,49
51,49
51,49
51,49
51,49
51,49
51,49
51,49
51,49
51,49
51,49
51,49
51,49
51,49
51,49
51,49
51,49
51,49
51,49
51,49
51,49
51,49
51,49
51,49
51,49
51,49
51,49
51,49
51,49
51,49
51,49
51,49
51,49
51,49
51,49
51,49
51,49
51,49
51,49
51,49
51,49
51,49
51,49
51,49
51,49
51,49
51,49
51,49
51,49
51,49
51,49
51,49
51,49
51,49
51,49
51,49
51,49
51,49
51,49
51,49
51,49
51,49
51,49
51,49
51,49
51,49
51,49
51,49
51,49
51,49
51,49
51,49
51,49
51,49
51,49
51,49
51,49
51,49
51,49
51,49
51,49
51,49
51,49
51,49
51,49
51,49
51,49
51,49
51,49
51,49
51,49
51,49
51,49
51,49
51,49
51,49
51,49
51,49
51,49
51,49
51,49
51,49
51,49
51,49
51,49
51,49
51,49
51,49
51,49
51,49
51,49
51,49
51,49
51,49
51,49
51,49
51,49
51,49
51,49
51,49
51,49
51,49
51,49
51,49
51,49
51,49
51,49
51,49
51,49
51,49
51,49
51,49
51,49
51,49
51,49
51,49
51,49
51,49
51,49
51,49
51,49
51,49
51,49
51,49
51,49
51,49
51,49
51,49
51,49
51,49
51,49
51,49
51,49
51,49
51,49
51,49
51,49
51,49
51,49
51,49
51,49
51,49
51,49
51,49
51,49
51,49
51,49
51,49
51,49
51,49
51,49
51,49
51,49
51,49
51,49
51,49
51,49
51,49
51,49
51,49
51,49
51,49
51,49
51,49
51,49
51,49
51,49
51,49
51,49
51,49
51,49
51,49
51,49
51,49
51,49
51,49
51,49
51,49
51,49
51,49
51,49
51,49
51,49
51,49
51,49
51,49
51,49
51,49
51,49
51,49
51,49
51,49
51,49
51,49
51,49
51,49
51,49
51,49
51,49
51,49
51,49
51,49
51,49
51,49
51,49
51,49
51,49
51,49
51,49
51,49
51,49
51,49
51,49
51,49
51,49
51,49
51,49
51,49
51,49
51,49
51,49
51,49
51,49
51,49
51,49
51,49
51,49
51,49
51,49
51,49
51,49
51,49
51,49
51,49
51,49
51,49
51,49
51,49
51,49
51,49
51,49
51,49
51,49
51,49
51,49
51,49
51,49
51,49
51,49
51,49
51,49
51,49
51,49
51,49
51,49
51,49
51,49
51,49
51,49
51,49
51,49
49,49
48,49
48,49
47,49
46,49
45,49
43,49
43,49
42,49
41,49
41,49
41,49
41,49
41,49
41,49
41,49
41,49
41,49
41,49
41,49
41,49
41,49
41,49
41,49
41,49
41,49
41,49
41,49
41,49
41,49
41,49
41,49
41,49
41,49
41,49
41,49
41,49
41,49
41,49
41,49
41,49
41,49
41,49
41,49
41,49
41,49
41,49
41,49
41,49
41,49
41,49
41,49
41,49
41,49
41,49
41,49
41,49
40,49
39,49
38,49
36,49
34,49
32,49
30,49
30,49
30,49
30,49
30,49
30,49
30,49
30,49
30,49
30,49
30,49
30,49
30,49
30,49
30,49
30,49
30,49
30,49
30,49
30,49
30,49
30,49
30,49
30,49
30,49
30,49
30,49
30,49
30,49
30,49
30,49
30,49
30,49
30,49
30,49
30,49
30,49
30,49
30,49
30,49
30,49
30,49
30,48
30,46
30,46
30,45
30,44
30,43
30,43
30,43
30,43
30,43
30,43
30,43
30,43
30,43
30,43
30,43
30,43
30,43
30,43
30,43
30,43
30,43
30,43
30,43
30,43
30,43
30,43
30,43
30,43
30,43
30,43
30,43
30,43
30,43
30,43
30,43
30,43
30,43
30,43
30,43
30,43
30,43
30,43
30,43
30,43
30,43
30,43
30,43
30,43
30,43
30,43
30,43
30,43
30,43
30,43
30,43
30,43
30,43
30,43
30,43
30,43
30,43
30,43
30,43
30,43
30,43
30,43
30,43
30,43
30,43
30,43
30,43
30,43
30,43
30,43
30,43
30,43
30,43
30,43
30,43
30,43
30,43
30,43
30,43
30,43
30,43
30,43
30,43
30,43
30,43
30,43
30,43
30,43
30,43
30,43
30,43
30,43
30,43
30,43
30,43
30,43
30,43
30,43
30,43
30,43
30,43
30,43
30,43
30,43
30,43
30,43
30,43
30,43
30,43
30,43
30,43
30,43
30,43
30,43
30,43
30,43
30,43
30,43
30,43
30,43
30,43
30,43
30,43
30,43
30,43
30,43
30,43
30,43
30,43
30,43
30,43
30,43
30,43
30,43
30,43
30,43
30,43
30,43
30,43
30,42
30,41
30,41
30,39
30,38
30,38
30,37
30,37
30,37
30,37
30,37
30,37
30,37
30,37
30,37
30,37
30,37
30,37
30,37
30,37
30,37
30,37
30,37
30,37
30,37
30,37
30,37
30,37
30,37
30,37
30,37
30,37
30,37
30,37
30,37
30,37
30,37
30,37
30,37
30,37
30,37
30,37
30,37
30,37
30,37
30,37
30,37
30,37
30,37
30,37
30,37
30,37
30,37
30,37
30,37
30,37
30,37
30,37
30,37
30,37
30,37
30,37
30,37
30,37
30,37
30,37
30,37
30,37
30,37
30,37
30,37
30,37
30,37
30,37
30,37
30,37
30,37
30,37
30,37
30,37
30,37
30,37
30,37
30,37
30,37
30,37
30,37
30,37
30,37
30,37
30,37
30,37
30,37
30,37
30,37
30,37
30,37
30,37
30,37
30,37
30,37
30,37
30,37
30,37
30,37
30,37
30,37
30,37
30,37
30,37
30,37
30,37
30,37
30,37
30,37
30,37
30,37
30,37
30,37
30,37
30,37
30,37
30,37
30,37
30,37
30,37
30,37
30,37
30,37
30,37
30,37
30,37
30,37
30,37
30,37
30,37
30,37
30,37
30,37
30,37
30,37
30,37
30,37
30,37
30,37
30,37
30,37
30,37
30,37
30,37
30,37
30,37
30,37
30,37
30,37
30,37
30,37
30,37
30,37
30,37
30,37
30,37
30,37
30,37
30,37
30,37
30,37
30,37
30,37
30,37
30,37
30,37
30,37
30,37
30,37
30,37
30,37
30,37
30,37
30,37
30,37
30,37
30,37
30,37
30,37
30,37
30,37
30,37
30,37
30,37
30,37
30,37
30,37
30,37
30,37
30,37
30,37
30,37
30,37
30,37
30,37
30,37
30,37
30,37
30,37
30,37
30,37
30,37
30,37
30,37
30,37
30,37
30,37
30,37
30,37
30,37
30,37
30,37
30,37
30,37
30,37
30,37
30,37
30,37
30,37
30,37
30,37
30,37
30,37
30,37
30,37
30,37
30,37
30,37
30,37
30,37
30,37
30,37
30,37
30,37
30,37
30,37
30,37
30,37
30,37
30,37
30,37
30,37
30,37
30,37
30,37
30,37
30,37
30,37
30,37
30,37
30,37
30,37
30,37
30,37
30,37
30,37
30,37
30,37
30,37
30,37
30,37
30,37
30,37
30,37
30,37
30,37
30,37
30,37
30,37
30,37
30,37
30,37
30,37
30,37
30,37
30,37
30,37
30,37
30,37
30,37
30,37
30,37
30,37
30,37
30,37
30,37
30,37
30,37
30,37
30,37
30,37
30,37
30,37
30,37
30,37
30,37
30,37
30,37
30,37
30,37
30,37
30,37
30,37
30,37
30,37
30,37
30,37
30,37
30,37
30,37
30,37
30,37
30,37
30,37
30,37
30,37
30,37
30,37
30,37
30,37
30,37
30,37
30,37
30,37
30,37
30,37
30,37
30,37
30,37
30,37
30,37
30,37
30,37
30,37
30,37
30,37
30,37
30,37
30,37
30,37
30,37
30,37
30,37
30,37
30,37
30,37
30,37
30,37
30,37
30,37
30,37
30,37
30,37
30,37
30,37
30,37
30,37
30,37
30,37
30,37
30,37
30,37
30,37
30,37
30,37
30,37
30,37
30,37
30,37
30,37
30,37
30,37
30,37
30,37
30,37
30,37
30,37
30,37
30,37
30,37
30,37
30,37
30,37
30,37
30,37
30,37
30,37
30,37
30,37
30,37
30,37
30,37
30,37
30,37
30,37
30,37
30,37
30,37
30,37
30,37
30,37
30,37
30,37
30,37
30,37
30,37
30,37
30,37
30,37
30,37
30,37
30,37
30,37
30,37
30,37
30,37
30,37
30,37
30,37
30,37
30,37
30,37
30,37
30,37
30,37
30,37
30,37
30,37
30,37
30,37
30,37
30,37
30,37
30,37
30,37
30,37
30,37
30,37
30,37
30,37
30,37
30,37
30,37
30,37
30,37
30,37
30,37
30,37
30,37
30,37
30,37
30,37
30,37
30,37
30,37
30,37
30,37
30,37
30,37
30,37
30,37
30,37
30,37
30,37
30,37
30,37
30,37
30,37
30,37
30,37
30,37
30,37
30,37
30,37
30,37
30,37
30,37
30,37
30,37
30,37
30,37
30,37
30,37
30,37
30,37
30,37
30,37
30,37
30,37
30,37
30,37
30,37
30,37
30,37
30,37
30,37
30,37
30,37
30,37
30,37
30,37
30,37
30,37
30,37
30,37
30,37
30,37
30,37
30,37
30,37
30,37
30,37
30,37
30,37
30,37
30,37
30,37
30,37
30,37
30,37
30,37
30,37
30,37
30,37
30,37
30,37
30,37
30,37
30,37
30,37
30,37
30,37
30,37
30,37
30,37
30,37
30,37
30,37
30,37
30,37
30,37
30,37
30,37
30,37
30,37
30,37
30,37
30,37
30,37
30,37
30,37
30,37
30,37
30,37
30,37
30,37
30,37
30,37
30,37
30,37
30,37
30,37
30,37
30,37
30,37
30,37
30,37
30,37
30,37
30,37
30,37
30,37
30,37
30,37
30,37
30,37
30,37
30,37
30,37
30,37
30,37
30,37
30,37
30,37
30,37
30,37
30,37
30,37
30,37
30,37
30,37
30,37
30,37
30,37
30,37
30,37
30,37
30,37
30,37
30,37
30,37
30,37
30,37
30,37
30,37
30,37
30,37
30,37
30,37
30,37
30,37
30,37
30,37
30,37
30,37
30,37
30,37
30,37
30,37
30,37
30,37
30,37
30,37
30,37
30,37
30,37
30,37
30,37
30,37
30,37
30,37
30,37
30,37
30,37
30,37
30,37
30,37
30,37
30,37
30,37
30,37
30,37
30,37
30,37
30,37
30,37
30,37
30,37
30,37
30,37
30,37
30,37
30,37
30,37
30,37
30,37
30,37
30,37
30,37
30,37
30,37
30,37
30,37
30,37
30,37
30,37
30,37
30,37
30,37
30,37
30,37
30,37
30,37
30,37
30,37
30,37
30,37
30,37
30,37
30,37
30,37
30,37
30,37
30,37
30,37
30,37
30,37
30,37
30,37
30,37
30,37
30,37
30,37
30,37
30,37
30,37
30,37
30,37
30,37
30,37
30,37
30,37
30,37
30,37
30,37
30,37
30,37
30,37
30,37
30,37
30,37
30,37
30,37
30,37
30,37
30,37
30,37
30,37
30,37
30,37
30,37
30,37
30,37
30,37
30,37
30,37
30,37
30,37
30,37
30,37
30,37
30,37
30,37
30,37
30,37
30,37
30,37
30,37
30,37
30,37
30,37
30,37
30,37
30,37
30,37
30,37
30,37
30,37
30,37
30,37
30,37
30,37
30,37
30,37
30,37
30,37
30,37
30,37
30,37
30,37
30,37
30,37
30,37
30,37
30,37
30,37
30,37
30,37
30,37
30,37
30,37
30,37
30,37
30,37
30,37
30,37
30,37
30,37
30,37
30,37
30,37
30,37
30,37
30,37
30,37
30,37
30,37
30,37
30,37
30,37
30,37
30,37
30,37
30,37
30,37
30,37
30,37
30,37
30,37
30,37
30,37
30,37
30,37
30,37
30,37
30,37
30,37
30,37
30,37
30,37
30,37
30,37
30,37
30,37
30,37
30,37
30,37
30,37
30,37
30,37
30,37
30,37
30,37
30,37
30,37
30,37
30,37
30,37
30,37
30,37
30,37
30,37
30,37
30,37
30,37
30,37
30,37
30,37
30,37
30,37
30,37
30,37
30,37
30,37
30,37
30,37
30,37
30,37
30,37
30,37
30,37
30,37
30,37
30,37
30,37
30,37
30,37
30,37
30,37
30,37
30,37
30,37
30,37
30,37
30,37
30,37
30,37
30,37
30,37
30,37
30,37
30,37
30,37
30,37
30,37
30,37
30,37
30,37
30,37
30,37
30,37
30,37
30,37
30,37
30,37
30,37
30,37
30,37
30,37
30,37
30,37
30,37
30,37
30,37
30,37
30,37
30,37
30,37
30,37
30,37
30,37
30,37
30,37
30,37
30,37
30,37
30,37
30,37
30,37
30,37
30,37
30,37
30,37
30,37
30,37
30,37
30,37
30,37
30,37
30,37
30,37
30,37
30,37
30,37
30,37
30,37
30,37
30,37
30,37
30,37
30,37
30,37
30,37
30,37
30,37
30,37
30,37
30,37
30,37
30,37
30,37
30,37
30,37
30,37
30,37
30,37
30,37
30,37
30,37
30,37
30,37
30,37
30,37
30,37
30,37
30,37
30,37
30,37
30,37
30,37
30,37
30,37
30,37
30,37
30,37
30,37
30,37
30,37
30,37
30,37
30,37
30,37
30,37
30,37
30,37
30,37
30,37
30,37
30,37
30,37
30,37
30,37
30,37
30,37
30,37
30,37
30,37
30,37
30,37
30,37
30,37
30,37
30,37
30,37
30,37
30,37
30,37
30,37
30,37
30,37
30,37
30,37
30,37
30,37
30,37
30,37
30,37
30,37
30,37
30,37
30,37
30,37
30,37
30,37
30,37
30,37
30,37
30,37
30,37
30,37
30,37
30,37
30,37
30,37
30,37
30,37
30,37
30,37
30,37
30,37
30,37
30,37
30,37
30,37
30,37
30,37
30,37
30,37
30,37
30,37
30,37
30,37
30,37
30,37
30,37
30,37
30,37
30,37
30,37
30,37
30,37
30,37
30,37
30,37
30,37
30,37
30,37
30,37
30,37
30,37
30,37
30,37
30,37
30,37
30,37
30,37
30,37
30,37
30,37
30,37
30,37
30,37
30,37
30,37
30,37
30,37
30,37
30,37
30,37
30,37
30,37
30,37
30,37
30,37
30,37
30,37
30,37
30,37
30,37
30,37
30,37
30,37
30,37
30,37
30,37
30,37
30,37
30,37
30,37
30,37
30,37
30,37
30,37
30,37
30,37
30,37
30,37
30,37
30,37
30,37
30,37
30,37
30,37
30,37
30,37
30,37
30,37
30,37
30,37
30,37
30,37
30,37
30,37
30,37
30,37
30,37
30,37
30,37
30,37
30,37
30,37
30,37
30,37
30,37
30,37
30,37
30,37
30,37
30,37
30,37
30,37
30,37
30,37
30,37
30,37
30,37
30,37
30,37
30,37
30,37
30,37
30,37
30,37
30,37
30,37
30,37
30,37
30,37
30,37
30,37
30,37
30,37
30,37
30,37
30,37
30,37
30,37
30,37
30,37
30,37
30,37
30,37
30,37
30,37
30,37
30,37
30,37
30,37
30,37
30,37
30,37
30,37
30,37
30,37
30,37
30,37
30,37
30,37
30,37
30,37
30,37
30,37
30,37
30,37
30,37
30,37
30,37
30,37
30,37
30,37
30,37
30,37
30,37
30,37
30,37
30,37
30,37
30,37
30,37
30,37
30,37
30,37
30,37
30,37
30,37
30,37
30,37
30,37
30,37
30,37
30,37
30,37
30,37
30,37
30,37
30,37
30,37
30,37
30,37
30,37
30,37
30,37
30,37
30,37
30,37
30,37
30,37
30,37
30,37
30,37
30,37
30,37
30,37
30,37
30,37
30,37
30,37
30,37
30,37
30,37
30,37
30,37
30,37
30,37
30,37
30,37
30,37
30,37
30,37
30,37
30,37
30,37
30,37
30,37
30,37
30,37
30,37
30,37
30,37
30,37
30,37
30,37
30,37
30,37
30,37
30,37
30,37
30,37
30,37
30,37
30,37
30,37
30,37
30,37
30,37
30,37
30,37
30,37
30,37
30,37
30,37
30,37
30,37
30,37
30,37
30,37
30,37
30,37
30,37
30,37
30,37
30,37
30,37
30,37
30,37
30,37
30,37
30,37
30,37
30,37
30,37
30,37
30,37
30,37
30,37
30,37
30,37
30,37
30,37
30,37
30,37
30,37
30,37
30,37
30,37
30,37
30,37
30,37
30,37
30,37
30,37
30,37
30,37
30,37
30,37
30,37
30,37
30,37
30,37
30,37
30,37
30,37
30,37
30,37
30,37
30,37
30,37
30,37
30,37
30,37
30,37
30,37
30,37
30,37
30,37
30,37
30,37
30,37
30,37
30,37
30,37
30,37
30,37
30,37
30,37
30,37
30,37
30,37
30,37
30,37
30,37
30,37
30,37
30,37
30,37
30,37
30,37
30,37
30,37
30,37
30,37
30,37
30,37
30,37
30,37
30,37
30,37
30,37
30,37
30,37
30,37
30,37
30,37
30,37
30,37
30,37
30,37
30,37
30,37
30,37
30,37
30,37
30,37
30,37
30,37
30,37
30,37
30,37
30,37
30,37
30,37
30,37
30,37
30,37
30,37
30,37
30,37
30,37
30,37
30,37
30,37
30,37
30,37
30,37
30,37
30,37
30,37
30,37
30,37
30,37
30,37
30,37
30,37
30,37
30,37
30,37
30,37
30,37
30,37
30,37
30,37
30,37
30,37
30,37
30,37
30,37
30,37
30,37
30,37
30,37
30,37
30,37
30,37
30,37
30,37
30,37
30,37
30,37
30,37
30,37
30,37
30,37
30,37
30,37
30,37
30,37
30,37
30,37
30,37
30,37
30,37
30,37
30,37
30,37
30,37
30,37
30,37
30,37
30,37
30,37
30,37
30,37
30,37
30,37
30,37
30,37
30,37
30,37
30,37
30,37
30,37
30,37
30,37
30,37
30,37
30,37
30,37
30,37
30,37
30,37
30,37
30,37
30,37
30,37
30,37
30,37
30,37
30,37
30,37
30,37
30,37
30,37
30,37
30,37
30,37
30,37
30,37
30,37
30,37
30,37
30,37
30,37
30,37
30,37
30,37
30,37
30,37
30,37
30,37
30,37
30,37
30,37
30,37
30,37
30,37
30,37
30,37
30,37
30,37
30,37
30,37
30,37
30,37
30,37
30,37
30,37
30,37
30,37
30,37
30,37
30,37
30,37
30,37
30,37
30,37
30,37
30,37
30,37
30,37
30,37
30,37
30,37
30,37
30,37
30,37
30,37
30,37
30,37
30,37
30,37
30,37
30,37
30,37
30,37
30,37
30,37
30,37
30,37
30,37
30,37
30,37
30,37
30,37
30,37
30,37
30,37
30,37
30,37
30,37
30,37
30,37
30,37
30,37
30,37
30,37
30,37
30,37
30,37
30,37
30,37
30,37
30,37
30,37
30,37
30,37
30,37
30,37
30,37
30,37
30,37
30,37
30,37
30,37
30,37
30,37
30,37
30,37
30,37
30,37
30,37
30,37
30,37
30,37
30,37
30,37
30,37
30,37
30,37
30,37
30,37
30,37
30,37
30,37
30,37
30,37
30,37
30,37
30,37
30,37
30,37
30,37
30,37
30,37
30,37
30,37
30,37
30,37
30,37
30,37
30,37
30,37
30,37
30,37
30,37
30,37
30,37
30,37
30,37
30,37
30,37
30,37
30,37
30,37
30,37
30,37
30,37
30,37
30,37
30,37
30,37
30,37
30,37
30,37
30,37
30,37
30,37
30,37
30,37
30,37
30,37
30,37
30,37
30,37
30,37
30,37
30,37
30,37
30,37
30,37
30,37
30,37
30,37
30,37
30,37
30,37
30,37
30,37
30,37
30,37
30,37
30,37
30,37
30,37
30,37
30,37
30,37
30,37
30,37
30,37
30,37
30,37
30,37
30,37
30,37
30,37
30,37
30,37
30,37
30,37
30,37
30,37
30,37
30,37
30,37
30,37
30,37
30,37
30,37
30,37
30,37
30,37
30,37
30,37
30,37
30,37
30,37
30,37
30,37
30,37
30,37
30,37
30,37
30,37
30,37
30,37
30,37
30,37
30,37
30,37
30,37
30,37
30,37
30,37
30,37
30,37
30,37
30,37
30,37
30,37
30,37
30,37
30,37
30,37
30,37
30,37
30,37
30,37
30,37
30,37
30,37
30,37
30,37
30,37
30,37
30,37
30,37
30,37
30,37
30,37
30,37
30,37
30,37
30,37
30,37
30,37
30,37
30,37
30,37
30,37
30,37
30,37
30,37
30,37
30,37
30,37
30,37
30,37
30,37
30,37
30,37
30,37
30,37
30,37
30,37
30,37
30,37
30,37
30,37
30,37
30,37
30,37
30,37
30,37
30,37
30,37
30,37
30,37
30,37
30,37
30,37
30,36
30,35
30,33
30,31
30,29
30,27
30,25
30,23
30,21
30,19
30,17
30,15
30,13
30,13
30,13
30,13
30,13
30,13
30,13
30,13
30,13
30,13
30,13
30,13
30,13
30,13
30,13
30,13
30,13
30,13
30,13
30,13
30,13
30,13
30,13
30,13
30,13
30,13
30,13
30,13
30,13
30,13
30,13
30,13
30,13
30,13
30,13
30,14
30,15
30,16
30,17
30,18
30,19
30,20
30,21
30,22
30,22
30,22
30,22
30,22
30,22
30,22
30,22
30,22
30,22
30,22
30,22
30,22
30,23
30,24
30,26
30,28
30,30
30,32
30,34
30,36
30,38
30,40
30,42
30,44
30,46
30,48
30,50
30,52
30,54
30,56
30,58
30,60
30,62
30,62
30,62
30,62
30,62
30,62
30,62
30,62
30,62
30,62
30,62
30,62
30,62
30,62
30,62
30,62
30,62
30,62
30,62
30,62
30,62
30,62
30,62
30,62
30,62
30,62
30,62
30,62
30,62
30,62
30,61
30,60
30,59
30,58
30,58
30,58
30,58
30,58
30,58
30,58
30,58
30,58
30,58
30,58
30,58
30,58
30,58
30,58
30,58
30,58
30,58
30,58
30,58
30,58
30,58
30,58
30,58
30,58
30,58
30,58
30,58
30,58
30,58
30,58
30,58
30,58
30,58
30,58
30,58
30,58
30,58
30,58
30,58
30,58
30,58
30,58
30,58
30,58
30,58
30,58
30,58
30,58
30,58
30,58
30,58
30,58
30,58
30,58
30,58
30,58
30,58
30,58
30,58
30,58
30,58
30,58
30,58
30,58
30,57
30,55
30,53
30,51
30,49
30,47
30,45
30,43
30,41
30,39
30,37
30,35
30,33
30,31
30,29
30,27
30,25
30,23
30,21
30,19
30,17
30,15
30,13
30,11
30,9
30,7
30,5
30,3
30,1
30,0
30,0
30,0
30,0
30,0
30,0
30,0
30,0
30,0
30,0
30,0
30,0
30,0
30,0
30,0
30,0
30,0
30,0
30,0
30,0
30,0
30,0
30,0
30,0
30,0
30,0
30,0
30,0
30,0
30,0
30,0
30,0
30,0
30,0
30,0
30,0
30,0
30,0
30,0
30,0
30,0
30,0
30,0
30,0
30,0
30,0
30,0
30,0
30,0
30,0
30,0
30,0
30,0
30,0
30,0
30,0
30,0
30,0
30,0
30,0
30,0
30,0
30,0
30,0
30,0
30,0
30,0
30,0
30,0
30,0
30,0
30,0
30,0
30,0
30,0
30,0
30,0
30,0
30,0
30,0
30,0
30,0
30,0
30,2
30,4
30,6
30,8
30,10
30,12
30,14
30,16
30,18
30,20
30,22
30,24
30,26
30,27
30,27
30,27
30,27
30,27
30,27
30,27
30,27
30,27
30,27
30,27
30,27
30,27
30,27
30,27
30,27
30,27
30,27
30,27
30,27
30,27
30,27
30,27
30,27
30,27
30,27
30,27
30,27
30,27
30,27
30,27
30,27
30,27
30,27
30,27
30,27
30,27
30,27
30,27
30,27
30,27
30,27
30,27
30,27
30,27
30,27
30,27
30,27
30,27
30,27
30,27
30,27
30,27
30,27
30,27
30,27
30,27
30,27
30,27
30,27
30,27
30,27
30,27
30,27
30,27
30,27
30,27
30,27
30,27
30,27
30,27
30,27
30,27
30,27
30,27
30,27
30,27
30,27
30,27
30,27
30,27
30,27
30,27
30,27
30,27
30,27
30,27
30,27
30,27
30,27
30,27
30,27
30,27
30,27
30,27
30,27
30,27
30,27
30,27
30,27
30,27
30,27
30,27
30,27
30,27
30,27
30,27
30,27
30,27
30,27
30,27
30,27
30,27
30,27
30,27
30,27
30,27
30,27
30,27
30,27
30,27
30,27
30,27
30,27
30,27
30,27
30,27
30,27
30,27
30,27
30,27
30,27
30,27
30,27
30,27
30,27
30,27
30,27
30,27
30,27
30,27
30,27
30,27
30,27
30,27
30,27
30,27
30,27
30,27
30,27
30,27
30,27
30,27
30,27
30,27
30,27
30,27
30,27
30,27
30,27
30,27
30,27
30,27
30,27
30,27
30,27
30,27
30,27
30,27
30,27
30,27
30,27
30,27
30,27
30,27
30,27
30,27
30,27
30,27
30,27
30,27
30,27
30,27
30,27
30,27
30,27
30,27
30,27
30,27
30,27
30,27
30,27
30,27
30,27
30,27
30,27
30,27
30,27
30,27
30,27
30,27
30,27
30,27
30,27
30,27
30,27
30,27
30,27
30,27
30,27
30,27
30,27
30,27
30,27
30,27
30,27
30,27
30,27
30,27
30,27
30,27
30,27
30,27
30,27
30,27
30,27
30,27
30,27
30,27
30,27
30,27
30,27
30,27
30,27
30,27
30,27
30,27
30,27
30,27
30,27
30,27
30,27
30,27
30,27
30,27
30,27
30,27
30,27
30,27
30,27
30,27
30,27
30,27
30,27
30,27
30,27
30,27
30,27
30,27
30,27
30,27
30,27
30,27
30,27
30,27
30,27
30,27
30,27
30,27
30,27
30,27
30,27
30,27
30,27
30,27
30,27
30,27
30,27
30,27
30,27
30,27
30,27
30,27
30,28
30,29
30,31
30,33
30,35
30,37
30,39
30,41
30,43
30,45
30,47
30,49
30,51
30,53
30,55
30,57
30,59
30,60
30,61
30,61
30,61
30,61
30,61
30,61
30,61
30,61
30,61
30,61
30,61
30,61
30,61
30,61
30,61
30,61
30,61
30,61
30,61
30,61
30,61
30,61
30,61
30,61
30,61
30,61
30,60
30,59
30,58
30,57
30,56
30,56
30,56
30,56
30,56
30,56
30,56
30,56
30,56
30,56
30,56
30,56
30,56
30,56
30,56
30,56
30,56
30,56
30,56
30,56
30,56
30,56
30,56
30,56
30,56
30,56
30,56
30,56
30,56
30,56
30,56
30,56
30,56
30,56
30,56
30,56
30,56
30,56
30,56
30,56
30,56
30,56
30,56
30,56
30,56
30,56
30,56
30,56
30,56
30,56
30,56
30,56
30,56
30,56
30,56
30,56
30,56
30,56
30,56
30,56
30,56
30,56
30,56
30,56
30,56
30,56
30,56
30,56
30,56
30,56
30,56
30,56
30,56
30,56
30,56
30,56
30,56
30,56
30,56
30,56
30,56
30,56
30,56
30,56
30,56
30,56
30,56
30,56
30,56
30,56
30,56
30,56
30,56
30,56
30,56
30,56
30,56
30,56
30,56
30,56
30,56
30,56
30,56
30,56
30,56
30,56
30,56
30,56
30,56
30,56
30,56
30,56
30,56
30,56
30,56
30,56
30,56
30,56
30,56
30,56
30,56
30,56
30,56
30,56
30,56
30,56
30,56
30,56
30,56
30,56
30,56
30,56
30,56
30,56
30,56
30,56
30,56
30,56
30,56
30,56
30,56
30,56
30,56
30,56
30,56
30,56
30,56
30,56
30,56
30,56
30,56
30,56
30,56
30,56
30,56
30,56
30,56
30,56
30,56
30,56
30,56
30,56
30,56
30,56
30,56
30,56
30,56
30,56
30,56
30,56
30,56
30,56
30,56
30,56
30,56
30,56
30,56
30,56
30,56
30,56
30,56
30,56
30,56
30,56
30,56
30,56
30,56
30,56
30,56
30,56
30,56
30,56
30,56
30,56
30,54
30,52
30,50
30,48
30,46
30,44
30,42
30,40
30,38
30,36
30,34
30,32
30,30
30,28
30,26
30,24
30,22
30,20
30,18
30,16
30,16
30,12
30,10
30,8
30,6
30,4
30,4
30,0
30,0
30,0
30,0
30,0
30,0
30,0
30,0
30,0
30,0
30,0
30,0
30,0
30,0
30,0
30,0
30,0
30,0
30,0
30,0
30,0
30,0
30,0
30,0
30,0
30,0
30,0
30,0
30,0
30,0
30,0
30,0
30,0
30,0
30,0
30,0
30,0
30,0
30,0
30,0
30,0
30,0
30,0
30,0
30,0
30,0
30,0
30,0
30,0
30,0
30,0
30,0
30,0
30,0
30,0
30,0
30,0
30,0
30,0
30,0
30,0
30,0
30,0
30,0
30,0
30,0
30,0
30,0
30,0
30,0
30,0
30,0
30,0
30,0
30,0
30,0
30,0
30,0
30,0
30,0
30,0
30,0
30,0
30,0
30,0
30,0
30,0
30,0
30,0
30,0
30,0
30,0
30,0
30,0
30,0
30,0
30,0
30,0
30,0
30,0
30,0
30,0
30,0
30,0
30,0
30,0
30,0
30,0
30,0
30,0
30,0
30,0
30,0
30,0
30,0
30,0
30,0
30,0
30,0
30,0
30,0
30,0
30,0
30,0
30,0
30,0
30,0
30,0
30,0
30,0
30,0
30,0
30,0
30,0
30,0
30,0
30,0
30,0
30,0
30,0
30,0
30,0
30,0
30,0
30,0
30,0
30,0
30,0
30,0
30,0
30,0
30,0
30,0
30,0
30,0
30,0
30,0
30,0
30,0
30,0
30,0
30,0
30,0
30,0
30,0
30,0
30,0
30,0
30,0
30,0
30,0
30,0
30,0
30,0
30,0
30,0
30,0
30,0
30,0
30,0
30,0
30,0
30,0
30,0
30,0
30,0
30,0
30,0
30,0
30,0
30,0
30,0
30,0
30,0
30,0
30,0
30,0
30,0
30,0
30,0
30,0
30,0
30,0
30,0
30,2
30,4
30,6
30,8
30,10
30,10
30,14
30,16
30,18
30,18
30,18
30,18
30,18
30,18
30,18
30,18
30,18
30,18
30,18
30,18
30,18
30,18
30,18
30,18
30,18
30,18
30,18
30,18
30,18
30,18
30,18
30,18
30,18
30,18
30,18
30,18
30,18
30,18
30,18
30,18
30,18
30,18
30,18
30,18
30,18
30,18
30,19
30,20
30,21
30,22
30,23
30,23
30,23
30,23
30,23
30,23
30,23
30,23
30,23
30,23
30,23
30,23
30,23
30,23
30,23
30,23
30,23
30,23
30,23
30,23
30,23
30,23
30,23
30,23
30,23
30,23
30,23
30,23
30,23
30,23
30,23
30,23
30,23
30,23
30,23
30,23
30,23
30,23
30,23
30,23
30,23
30,23
30,23
30,23
30,23
30,23
30,23
30,23
30,23
30,23
30,23
30,23
30,23
30,23
30,23
30,23
30,23
30,23
30,23
30,23
30,23
30,23
30,23
30,23
30,23
30,23
30,23
30,23
30,23
30,23
30,23
30,23
30,23
30,23
30,23
30,23
30,23
30,23
30,23
30,23
30,23
30,23
30,23
30,23
30,23
30,23
30,23
30,23
30,23
30,23
30,23
30,23
30,23
30,23
30,23
30,23
30,23
30,23
30,23
30,23
30,23
30,23
30,23
30,23
30,23
30,23
30,23
30,23
30,23
30,23
30,23
30,23
30,23
30,23
30,23
30,23
30,23
30,23
30,23
30,23
30,23
30,23
30,23
30,23
30,23
30,23
30,23
30,23
30,23
30,23
30,23
30,23
30,23
30,23
30,23
30,23
30,23
30,23
30,23
30,23
30,23
30,23
30,23
30,23
30,23
30,23
30,23
30,23
30,23
30,23
30,23
30,23
30,23
30,23
30,23
30,23
30,23
30,23
30,23
30,23
30,23
30,23
30,23
30,23
30,23
30,23
30,23
30,23
30,23
30,23
30,23
30,23
30,23
30,23
30,23
30,23
30,23
30,23
30,23
30,23
30,23
30,23
30,23
30,23
30,23
30,23
30,23
30,23
30,23
30,23
30,23
30,23
30,23
30,23
30,23
30,23
30,23
30,23
30,23
30,23
30,23
30,23
30,23
30,23
30,23
30,23
30,23
30,23
30,23
30,23
30,23
30,23
30,23
30,23
30,23
30,23
30,23
30,23
30,23
30,23
30,23
30,23
30,23
30,23
30,23
30,23
30,23
30,23
30,23
30,23
30,23
30,23
30,23
30,23
30,23
30,23
30,23
30,23
30,23
30,23
30,23
30,23
30,23
30,23
30,23
30,23
30,23
30,23
30,23
30,23
30,23
30,23
30,23
30,23
30,23
30,23
30,23
30,23
30,23
30,23
30,23
30,23
30,23
30,23
30,23
30,23
30,23
30,23
30,23
30,23
30,23
30,23
30,23
30,23
30,23
30,23
30,23
30,23
30,23
30,23
30,23
30,23
30,23
30,23
30,23
30,23
30,23
30,23
30,23
30,23
30,23
30,23
30,23
30,23
30,23
30,23
30,23
30,23
30,23
30,23
30,23
30,23
30,23
30,23
30,23
30,23
30,23
30,23
30,23
30,23
30,23
30,23
30,23
30,23
30,23
30,23
30,23
30,23
30,23
30,23
30,23
30,23
30,23
30,23
30,23
30,23
30,23
30,23
30,23
30,23
30,23
30,23
30,23
30,23
30,23
30,23
30,23
30,23
30,23
30,23
30,23
30,23
30,23
30,23
30,23
30,23
30,23
30,23
30,23
30,23
30,23
30,23
30,23
30,23
30,23
30,23
30,23
30,23
30,23
30,23
30,23
30,23
30,23
30,23
30,23
30,23
30,23
30,23
30,23
30,23
30,23
30,23
30,23
30,23
30,23
30,23
30,23
30,23
30,23
30,23
30,23
30,23
30,23
30,23
30,23
30,23
30,23
30,23
30,23
30,23
30,23
30,23
30,23
30,23
30,23
30,23
30,23
30,23
30,23
30,23
30,23
30,23
30,23
30,23
30,23
30,23
30,23
30,23
30,23
30,23
30,23
30,23
30,23
30,23
30,23
30,23
30,23
30,23
30,23
30,23
30,23
30,23
30,23
30,23
30,23
30,23
30,23
30,23
30,23
30,23
30,23
30,23
30,23
30,23
30,23
30,23
30,23
30,23
30,23
30,23
30,23
30,23
30,23
30,23
30,23
30,23
30,23
30,23
30,23
30,23
30,23
30,23
30,23
30,23
30,23
30,23
30,23
30,23
30,23
30,23
30,23
30,23
30,23
30,23
30,23
30,23
30,23
30,23
30,23
30,23
30,23
30,23
30,23
30,23
30,23
30,23
30,23
30,23
30,23
30,23
30,23
30,23
30,23
30,23
30,23
30,23
30,23
30,23
30,23
30,23
30,23
30,23
30,23
30,23
30,23
30,23
30,23
30,23
30,23
30,23
30,23
30,23
30,23
30,23
30,23
30,23
30,23
30,23
30,23
30,23
30,23
30,23
30,23
30,23
30,23
30,23
30,23
30,23
30,23
30,23
30,23
30,23
30,23
30,23
30,23
30,23
30,23
30,23
30,23
30,23
30,23
30,23
30,23
30,23
30,23
30,23
30,23
30,23
30,23
30,23
30,23
30,23
30,23
30,23
30,23
30,23
30,23
30,23
30,23
30,23
30,23
30,23
30,23
30,23
30,23
30,23
30,23
30,23
30,23
30,23
30,23
30,23
30,23
30,23
30,23
30,23
30,23
30,23
30,23
30,23
30,23
30,23
30,23
30,23
30,23
30,23
30,23
30,23
30,23
30,23
30,23
30,23
30,23
30,23
30,23
30,23
30,23
30,23
30,23
30,23
30,23
30,23
30,23
30,23
30,23
30,23
30,23
30,23
30,23
30,23
30,23
30,23
30,23
30,23
30,23
30,23
30,23
30,23
30,23
30,23
30,23
30,23
30,23
30,23
30,23
30,23
30,23
30,23
30,23
30,23
30,23
30,23
30,23
30,23
30,23
30,23
30,23
30,23
30,23
30,23
30,23
30,23
30,23
30,23
30,23
30,23
30,23
30,23
30,23
30,23
30,23
30,23
30,23
30,23
30,23
30,23
30,23
30,23
30,23
30,23
30,23
30,23
30,23
30,23
30,23
30,23
30,23
30,23
30,23
30,23
30,23
30,23
30,23
30,23
30,23
30,23
30,23
30,23
30,23
30,23
30,23
30,23
30,23
30,23
30,23
30,23
30,23
30,23
30,23
30,23
30,23
30,23
30,23
30,23
30,23
30,23
30,23
30,23
30,23
30,23
30,23
30,23
30,23
30,23
30,23
30,23
30,23
30,23
30,23
30,23
30,23
30,23
30,23
30,23
30,23
30,23
30,23
30,23
30,23
30,23
30,23
30,23
30,23
30,23
30,23
30,23
30,23
30,23
30,23
30,23
30,23
30,23
30,23
30,23
30,23
30,23
30,23
30,23
30,23
30,23
30,23
30,23
30,23
30,23
30,23
30,23
30,23
30,23
30,23
30,23
30,23
30,23
30,23
30,23
30,23
30,23
30,23
30,23
30,23
30,23
30,23
30,23
30,23
30,23
30,23
30,23
30,23
30,23
30,23
30,23
30,23
30,23
30,23
30,23
30,23
30,23
30,23
30,23
30,23
30,23
30,23
30,23
30,23
30,23
30,23
30,23
30,23
30,23
30,23
30,23
30,23
30,23
30,23
30,23
30,23
30,23
30,23
30,23
30,23
30,23
30,23
30,23
30,23
30,23
30,23
30,23
30,23
30,23
30,23
30,23
30,23
30,23
30,23
30,23
30,23
30,23
30,23
30,23
30,23
30,23
30,23
30,23
30,23
30,23
30,23
30,23
30,23
30,23
30,23
30,23
30,23
30,23
30,23
30,23
30,23
30,23
30,23
30,23
30,23
30,23
30,23
30,23
30,23
30,23
30,23
30,23
30,23
30,23
30,23
30,23
30,23
30,23
30,23
30,23
30,23
30,23
30,23
30,22
30,21
30,19
30,17
30,15
30,13
30,11
30,9
30,7
30,5
30,3
30,1
30,0
30,0
30,0
30,0
30,0
30,0
30,0
30,0
30,0
30,0
30,0
30,0
30,0
30,0
30,0
30,0
30,0
30,0
30,0
30,0
30,0
30,0
30,0
30,0
30,0
30,0
30,0
30,0
30,0
30,0
30,0
30,0
30,0
30,0
30,0
30,0
30,0
30,0
30,0
30,0
30,0
30,0
30,0
30,0
30,0
30,0
30,0
30,0
30,0
30,0
30,0
30,0
30,0
30,0
30,0
30,0
30,0
30,0
30,0
30,0
30,0
30,0
30,0
30,0
30,0
30,0
30,0
30,0
30,0
30,0
30,0
30,0
30,0
30,0
30,0
30,0
30,0
30,0
30,0
30,0
30,0
30,0
30,0
30,0
30,0
30,0
30,0
30,0
30,0
30,0
30,0
30,0
30,0
30,0
30,0
30,0
30,0
30,0
30,0
30,0
30,0
30,0
30,0
30,0
30,0
30,0
30,0
30,0
30,0
30,0
30,0
30,0
30,0
30,0
30,0
30,0
30,0
30,0
30,0
30,1
30,1
30,2
30,4
30,6
30,8
30,10
30,12
30,14
30,16
30,18
30,20
30,22
30,24
30,26
30,28
30,30
30,32
30,34
30,36
30,38
30,40
30,42
30,44
30,46
30,46
30,46
30,46
30,46
30,46
30,46
30,46
30,46
30,46
30,46
30,46
30,46
30,46
30,46
30,46
30,46
30,46
30,46
30,46
30,46
30,46
30,46
30,46
30,46
30,46
30,46
30,46
30,46
30,46
30,46
30,46
30,46
30,46
30,46
30,46
30,46
30,46
30,46
30,46
30,46
30,46
30,46
30,46
30,46
30,46
30,46
30,46
30,46
30,46
30,46
30,46
30,46
30,46
30,46
30,46
30,46
30,46
30,46
30,46
30,46
30,46
30,46
30,46
30,45
30,44
30,43
30,42
30,41
30,40
30,39
30,38
30,38
30,38
30,38
30,38
30,38
30,38
30,38
30,38
30,38
30,38
30,38
30,38
30,38
30,38
30,38
30,38
30,38
30,38
30,38
30,38
30,38
30,38
30,38
30,38
30,38
30,38
30,38
30,38
30,38
30,38
30,38
30,38
30,38
30,38
30,38
30,38
30,38
30,38
30,38
30,38
30,38
30,38
30,38
30,38
30,38
30,38
30,38
30,38
30,38
30,38
30,38
30,38
30,38
30,38
30,38
30,38
30,38
30,38
30,38
30,38
30,38
30,38
30,38
30,38
30,38
30,38
30,38
30,38
30,38
30,38
30,38
30,38
30,38
30,38
30,38
30,38
30,38
30,38
30,38
30,38
30,38
30,38
30,38
30,38
30,38
30,38
30,38
30,38
30,38
30,38
30,38
30,38
30,38
30,38
30,38
30,38
30,38
30,38
30,38
30,38
30,38
30,38
30,38
30,38
30,38
30,38
30,38
30,38
30,38
30,38
30,38
30,38
30,38
30,38
30,38
30,38
30,38
30,38
30,38
30,38
30,38
30,38
30,38
30,38
30,38
30,38
30,38
30,38
30,38
30,38
30,38
30,38
30,38
30,38
30,38
30,38
30,38
30,38
30,38
30,38
30,38
30,38
30,38
30,38
30,38
30,38
30,38
30,38
30,38
30,38
30,38
30,38
30,38
30,38
30,38
30,38
30,38
30,38
30,38
30,38
30,38
30,38
30,38
30,38
30,38
30,38
30,38
30,38
30,38
30,38
30,38
30,38
30,38
30,38
30,38
30,38
30,38
30,38
30,38
30,38
30,38
30,38
30,38
30,38
30,38
30,38
30,38
30,38
30,38
30,38
30,38
30,38
30,38
30,38
30,38
30,38
30,38
30,38
30,38
30,38
30,38
30,38
30,38
30,38
30,38
30,38
30,38
30,38
30,38
30,38
30,38
30,38
30,38
30,38
30,38
30,38
30,38
30,38
30,38
30,38
30,38
30,38
30,38
30,38
30,38
30,38
30,38
30,38
30,38
30,38
30,38
30,38
30,38
30,38
30,38
30,38
30,38
30,38
30,38
30,38
30,38
30,38
30,38
30,38
30,38
30,38
30,38
30,38
30,38
30,38
30,38
30,38
30,38
30,38
30,38
30,38
30,38
30,38
30,38
30,38
30,38
30,38
30,38
30,38
30,38
30,38
30,38
30,38
30,38
30,38
30,38
30,38
30,38
30,38
30,38
30,38
30,38
30,38
30,38
30,38
30,38
30,38
30,38
30,38
30,38
30,38
30,38
30,38
30,38
30,38
30,38
30,38
30,38
30,38
30,38
30,38
30,38
30,38
30,38
30,38
30,38
30,38
30,38
30,38
30,38
30,38
30,38
30,38
30,38
30,38
30,38
30,38
30,38
30,38
30,38
30,38
30,38
30,38
30,38
30,38
30,38
30,38
30,38
30,38
30,38
30,38
30,38
30,38
30,38
30,38
30,38
30,38
30,38
30,38
30,38
30,38
30,38
30,38
30,38
30,38
30,38
30,38
30,38
30,38
30,38
30,38
30,38
30,38
30,38
30,38
30,38
30,38
30,38
30,38
30,38
30,38
30,38
30,38
30,38
30,38
30,38
30,38
30,38
30,38
30,38
30,38
30,38
30,38
30,38
30,38
30,38
30,38
30,38
30,38
30,38
30,38
30,38
30,38
30,38
30,38
30,38
30,38
30,38
30,38
30,38
30,38
30,38
30,38
30,38
30,38
30,38
30,38
30,38
30,38
30,38
30,38
30,38
30,38
30,38
30,38
30,38
30,38
30,38
30,38
30,38
30,38
30,38
30,38
30,38
30,38
30,38
30,38
30,38
30,38
30,38
30,38
30,38
30,38
30,38
30,38
30,38
30,38
30,38
30,38
30,38
30,38
30,38
30,38
30,38
30,38
30,38
30,38
30,38
30,38
30,38
30,38
30,38
30,38
30,38
30,38
30,38
30,38
30,38
30,38
30,38
30,38
30,38
30,38
30,38
30,38
30,38
30,38
30,38
30,38
30,38
30,38
30,38
30,38
30,38
30,38
30,38
30,38
30,38
30,38
30,38
30,38
30,38
30,38
30,38
30,38
30,38
30,38
30,38
30,38
30,38
30,38
30,38
30,38
30,38
30,38
30,38
30,38
30,38
30,38
30,38
30,38
30,38
30,38
30,38
30,38
30,38
30,38
30,38
30,38
30,38
30,38
30,38
30,38
30,38
30,38
30,38
30,38
30,38
30,38
30,38
30,38
30,38
30,38
30,38
30,38
30,38
30,38
30,38
30,38
30,38
30,38
30,38
30,38
30,38
30,38
30,38
30,38
30,38
30,38
30,38
30,38
30,38
30,38
30,38
30,38
30,38
30,38
30,38
30,38
30,38
30,38
30,38
30,38
30,38
30,38
30,38
30,38
30,38
30,38
30,38
30,38
30,38
30,38
30,38
30,38
30,38
30,38
30,38
30,38
30,38
30,38
30,38
30,38
30,38
30,38
30,38
30,38
30,38
30,38
30,38
30,38
30,38
30,38
30,38
30,38
30,38
30,38
30,38
30,38
30,38
30,38
30,38
30,38
30,38
30,38
30,38
30,38
30,38
30,38
30,38
30,38
30,38
30,38
30,38
30,38
30,38
30,38
30,38
30,38
30,38
30,38
30,38
30,38
30,38
30,38
30,38
30,38
30,38
30,38
30,38
30,38
30,38
30,38
30,38
30,38
30,38
30,38
30,38
30,38
30,38
30,38
30,38
30,38
30,38
30,38
30,38
30,38
30,38
30,38
30,38
30,38
30,38
30,38
30,38
30,38
30,38
30,38
30,38
30,38
30,38
30,38
30,38
30,38
30,38
30,38
30,38
30,38
30,38
30,38
30,38
30,38
30,38
30,38
30,38
30,38
30,38
30,38
30,38
30,38
30,38
30,38
30,38
30,38
30,38
30,38
30,38
30,38
30,38
30,38
30,38
30,38
30,38
30,38
30,38
30,38
30,38
30,38
30,38
30,38
30,38
30,38
30,38
30,38
30,38
30,38
30,38
30,38
30,38
30,38
30,38
30,38
30,38
30,38
30,38
30,38
30,38
30,38
30,38
30,38
30,38
30,38
30,38
30,38
30,38
30,38
30,38
30,38
30,38
30,38
30,38
30,38
30,38
30,38
30,38
30,38
30,38
30,38
30,38
30,38
30,38
30,38
30,38
30,38
30,38
30,38
30,38
30,38
30,38
30,38
30,38
30,38
30,38
30,38
30,38
30,38
30,38
30,38
30,38
30,38
30,38
30,38
30,38
30,38
30,38
30,38
30,38
30,38
30,38
30,38
30,38
30,38
30,38
30,38
30,38
30,38
30,38
30,38
30,38
30,38
30,38
30,38
30,38
30,38
30,38
30,38
30,38
30,38
30,38
30,38
30,38
30,38
30,38
30,38
30,38
30,38
30,38
30,38
30,38
30,38
30,38
30,38
30,38
30,38
30,38
30,38
30,38
30,38
30,38
30,38
30,38
30,38
30,38
30,38
30,38
30,38
30,38
30,38
30,38
30,38
30,38
30,38
30,38
30,38
30,38
30,38
30,38
30,38
30,38
30,38
30,38
30,38
30,38
30,38
30,38
30,38
30,38
30,38
30,38
30,38
30,38
30,38
30,38
30,38
30,38
30,38
30,38
30,38
30,38
30,38
30,38
30,38
30,38
30,38
30,38
30,38
30,38
30,38
30,38
30,38
30,38
30,38
30,38
30,38
30,38
30,38
30,38
30,38
30,38
30,38
30,38
30,38
30,38
30,38
30,38
30,38
30,38
30,38
30,38
30,38
30,38
30,38
30,38
30,38
30,38
30,38
30,38
30,38
30,38
30,38
30,38
30,38
30,38
30,38
30,38
30,38
30,38
30,38
30,38
30,38
30,38
30,38
30,38
30,38
30,38
30,38
30,38
30,38
30,38
30,38
30,38
30,38
30,38
30,38
30,38
30,38
30,38
30,38
30,38
30,38
30,38
30,38
30,38
30,38
30,38
30,38
30,38
30,38
30,38
30,38
30,38
30,38
30,38
30,38
30,37
30,36
30,34
30,32
30,30
30,28
30,26
30,24
30,22
30,20
30,18
30,16
30,14
30,12
30,10
30,8
30,7
30,7
30,7
30,7
30,7
30,7
30,7
30,7
30,7
30,7
30,7
30,7
30,7
30,6
30,5
30,4
30,2
30,0
30,0
30,0
30,0
30,0
30,0
30,0
30,0
30,0
30,0
30,1
30,2
30,3
30,4
30,5
30,5
30,5
30,5
30,5
30,5
30,5
30,5
30,5
30,5
30,5
30,5
30,5
30,5
30,5
30,5
30,5
30,5
30,5
30,5
30,5
30,5
30,5
30,5
30,5
30,5
30,5
30,5
30,5
30,5
30,6
30,7
30,9
30,11
30,13
30,15
30,17
30,19
30,21
30,23
30,23
30,23
30,23
30,23
30,23
30,23
30,23
30,23
30,23
30,23
30,23
30,23
30,23
30,23
30,23
30,23
30,23
30,23
30,23
30,23
30,23
30,23
30,23
30,23
30,23
30,23
30,23
30,23
30,23
30,23
30,23
30,23
30,23
30,23
30,23
30,23
30,23
30,23
30,23
30,23
30,23
30,23
30,23
30,23
30,23
30,23
30,23
30,23
30,23
30,23
30,23
30,23
30,23
30,23
30,23
30,23
30,23
30,23
30,23
30,23
30,23
30,23
30,23
30,23
30,23
30,23
30,23
30,23
30,23
30,23
30,23
30,23
30,23
30,23
30,23
30,23
30,23
30,23
30,23
30,23
30,23
30,23
30,23
30,23
30,23
30,23
30,23
30,23
30,23
30,23
30,23
30,23
30,23
30,23
30,23
30,23
30,23
30,23
30,23
30,23
30,23
30,23
30,23
30,23
30,23
30,23
30,23
30,23
30,23
30,23
30,23
30,23
30,23
30,23
30,23
30,23
30,23
30,23
30,23
30,23
30,23
30,23
30,23
30,23
30,23
30,23
30,23
30,23
30,23
30,23
30,23
30,23
30,23
30,23
30,23
30,23
30,23
30,23
30,23
30,23
30,23
30,23
30,23
30,23
30,23
30,23
30,23
30,23
30,23
30,23
30,23
30,23
30,23
30,23
30,23
30,23
30,23
30,23
30,23
30,23
30,23
30,23
30,23
30,23
30,23
30,23
30,23
30,23
30,23
30,23
30,23
30,23
30,23
30,23
30,23
30,23
30,23
30,23
30,23
30,23
30,23
30,23
30,23
30,23
30,23
30,23
30,23
30,23
30,23
30,23
30,23
30,23
30,23
30,23
30,23
30,23
30,23
30,23
30,23
30,23
30,23
30,23
30,23
30,23
30,23
30,23
30,23
30,23
30,23
30,23
30,23
30,23
30,23
30,23
30,23
30,23
30,23
30,23
30,23
30,23
30,23
30,23
30,23
30,23
30,23
30,23
30,23
30,23
30,23
30,23
30,23
30,23
30,23
30,23
30,23
30,23
30,23
30,23
30,23
30,23
30,23
30,23
30,23
30,23
30,23
30,23
30,23
30,23
30,23
30,23
30,23
30,23
30,23
30,23
30,23
30,23
30,23
30,23
30,23
30,23
30,23
30,23
30,23
30,23
30,23
30,23
30,23
30,23
30,23
30,23
30,23
30,23
30,23
30,23
30,23
30,23
30,23
30,23
30,23
30,23
30,23
30,23
30,23
30,23
30,23
30,23
30,23
30,23
30,23
30,23
30,23
30,23
30,23
30,23
30,23
30,23
30,23
30,23
30,23
30,23
30,23
30,22
30,21
30,20
30,18
30,16
30,14
30,12
30,10
30,8
30,6
30,6
30,6
30,6
30,6
30,6
30,6
30,6
30,6
30,6
30,6
30,6
30,6
30,6
30,6
30,6
30,6
30,6
30,6
30,8
30,10
30,12
30,14
30,16
30,16
30,16
30,16
30,16
30,16
30,16
30,16
30,16
30,16
30,16
30,16
30,16
30,16
30,16
30,16
30,16
30,16
30,16
30,16
30,16
30,16
30,16
30,16
30,16
30,16
30,16
30,16
30,16
30,16
30,16
30,16
30,16
30,16
30,16
30,16
30,16
30,16
30,16
30,16
30,16
30,16
30,16
30,16
30,16
30,16
30,16
30,16
30,16
30,16
30,16
30,16
30,16
30,16
30,16
30,16
30,16
30,16
30,16
30,16
30,16
30,16
30,16
30,16
30,16
30,16
30,16
30,16
30,16
30,16
30,16
30,16
30,16
30,16
30,16
30,16
30,16
30,16
30,16
30,16
30,16
30,16
30,16
30,16
30,16
30,16
30,16
30,16
30,16
30,16
30,16
30,16
30,16
30,16
30,16
30,16
30,16
30,16
30,16
30,16
30,16
30,16
30,16
30,16
30,16
30,16
30,16
30,16
30,16
30,16
30,16
30,16
30,16
30,16
30,16
30,16
30,16
30,16
30,15
30,14
30,13
30,12
30,11
30,10
30,9
30,8
30,8
30,8
30,8
30,8
30,8
30,8
30,8
30,8
30,8
30,8
30,8
30,8
30,8
30,8
30,8
30,8
30,8
30,8
30,8
30,8
30,8
30,8
30,8
30,8
30,8
30,8
30,8
30,8
30,8
30,8
30,8
30,8
30,8
30,8
30,8
30,9
30,11
30,13
30,13
30,17
30,17
30,21
30,23
30,23
30,27
30,29
30,29
30,33
30,35
30,35
30,35
30,35
30,35
30,35
30,35
30,35
30,35
30,35
30,35
30,35
30,35
30,35
30,35
30,35
30,35
30,35
30,35
30,35
30,35
30,35
30,35
30,35
30,35
30,35
30,35
30,35
30,35
30,35
30,35
30,35
30,35
30,35
30,35
30,35
30,35
30,35
30,35
30,35
30,35
30,35
30,35
30,35
30,35
30,35
30,35
30,35
30,35
30,35
30,35
30,35
30,35
30,35
30,35
30,35
30,35
30,35
30,35
30,35
30,35
30,35
30,35
30,35
30,35
30,35
30,35
30,35
30,35
30,35
30,35
30,35
30,35
30,35
30,35
30,35
30,35
30,35
30,35
30,35
30,35
30,35
30,35
30,35
30,35
30,35
30,35
30,35
30,35
30,35
30,35
30,35
30,35
30,35
30,35
30,35
30,35
30,35
30,35
30,35
30,35
30,35
30,35
30,35
30,35
30,35
30,35
30,35
30,35
30,35
30,35
30,35
30,35
30,35
30,35
30,35
30,35
30,35
30,35
30,35
30,35
30,35
30,35
30,35
30,35
30,35
30,35
30,35
30,35
30,35
30,35
30,35
30,35
30,35
30,35
30,35
30,35
30,35
30,35
30,35
30,35
30,35
30,35
30,35
30,35
30,35
30,35
30,35
30,35
30,35
30,35
30,35
30,35
30,35
30,35
30,35
30,35
30,35
30,35
30,35
30,35
30,35
30,35
30,35
30,35
30,35
30,35
30,35
30,35
30,35
30,35
30,35
30,35
30,35
30,35
30,35
30,35
30,35
30,35
30,35
30,35
30,35
30,35
30,35
30,35
30,35
30,35
30,35
30,35
30,35
30,35
30,35
30,35
30,35
30,35
30,35
30,35
30,35
30,35
30,35
30,35
30,35
30,35
30,35
30,35
30,35
30,35
30,35
30,35
30,35
30,35
30,35
30,35
30,35
30,35
30,35
30,35
30,35
30,35
30,35
30,35
30,35
30,35
30,35
30,35
30,35
30,35
30,35
30,35
30,35
30,35
30,35
30,35
30,35
30,35
30,35
30,35
30,35
30,35
30,35
30,35
30,35
30,35
30,35
30,35
30,35
30,35
30,35
30,35
30,35
30,35
30,35
30,35
30,35
30,35
30,35
30,35
30,35
30,35
30,35
30,35
30,35
30,35
30,35
30,35
30,35
30,35
30,35
30,35
30,35
30,35
30,35
30,35
30,35
30,35
30,35
30,35
30,35
30,35
30,35
30,35
30,35
30,35
30,35
30,35
30,35
30,35
30,35
30,35
30,35
30,35
30,35
30,35
30,35
30,35
30,35
30,35
30,35
30,35
30,35
30,35
30,35
30,35
30,35
30,35
30,35
30,35
30,35
30,35
30,35
30,35
30,35
30,35
30,35
30,35
30,35
30,35
30,35
30,35
30,35
30,35
30,35
30,35
30,35
30,35
30,35
30,35
30,35
30,35
30,35
30,35
30,35
30,35
30,35
30,35
30,35
30,35
30,35
30,35
30,35
30,35
30,35
30,35
30,35
30,35
30,35
30,35
30,35
30,35
30,35
30,35
30,35
30,35
30,35
30,35
30,35
30,35
30,35
30,35
30,35
30,35
30,35
30,35
30,35
30,35
30,35
30,35
30,35
30,35
30,35
30,35
30,35
30,35
30,35
30,35
30,35
30,35
30,35
30,35
30,35
30,35
30,35
30,35
30,35
30,35
30,35
30,35
30,35
30,35
30,35
30,35
30,35
30,35
30,35
30,35
30,35
30,35
30,35
30,35
30,35
30,35
30,35
30,35
30,35
30,35
30,35
30,35
30,35
30,35
30,35
30,35
30,35
30,35
30,35
30,35
30,35
30,35
30,35
30,35
30,35
30,35
30,35
30,35
30,35
30,35
30,35
30,35
30,35
30,35
30,35
30,35
30,35
30,35
30,35
30,35
30,35
30,35
30,35
30,35
30,35
30,35
30,35
30,35
30,35
30,35
30,35
30,35
30,35
30,35
30,35
30,35
30,35
30,35
30,35
30,35
30,35
30,35
30,35
30,35
30,35
30,35
30,35
30,35
30,35
30,35
30,35
30,35
30,35
30,35
30,35
30,35
30,35
30,35
30,35
30,35
30,35
30,35
30,35
30,35
30,35
30,35
30,35
30,35
30,35
30,35
30,35
30,35
30,35
30,35
30,35
30,35
30,35
30,35
30,35
30,35
30,35
30,35
30,35
30,35
30,35
30,35
30,35
30,35
30,35
30,35
30,35
30,35
30,35
30,35
30,35
30,35
30,35
30,35
30,35
30,35
30,35
30,35
30,35
30,35
30,35
30,35
30,35
30,35
30,35
30,35
30,35
30,35
30,35
30,35
30,35
30,35
30,35
30,35
30,35
30,35
30,35
30,35
30,35
30,35
30,35
30,35
30,35
30,35
30,35
30,35
30,35
30,35
30,35
30,35
30,35
30,35
30,35
30,35
30,35
30,35
30,35
30,35
30,35
30,35
30,35
30,35
30,35
30,35
30,35
30,35
30,35
30,35
30,35
30,35
30,35
30,35
30,35
30,35
30,35
30,35
30,35
30,35
30,35
30,35
30,35
30,35
30,35
30,35
30,35
30,35
30,35
30,35
30,35
30,35
30,35
30,35
30,35
30,35
30,35
30,35
30,35
30,35
30,35
30,35
30,35
30,35
30,35
30,35
30,35
30,35
30,35
30,35
30,35
30,35
30,35
30,35
30,35
30,35
30,35
30,35
30,35
30,35
30,35
30,35
30,35
30,35
30,35
30,35
30,35
30,35
30,35
30,35
30,35
30,35
30,35
30,34
30,33
30,31
30,29
30,27
30,25
30,23
30,21
30,19
30,17
30,15
30,13
30,11
30,9
30,7
30,5
30,3
30,1
30,0
30,0
30,0
30,0
30,0
30,0
30,0
30,0
30,0
30,0
30,0
30,0
30,0
30,0
30,0
30,0
30,0
30,0
30,0
30,0
30,0
30,0
30,0
30,0
30,0
30,0
30,0
30,0
30,0
30,0
30,0
30,0
30,0
30,0
30,0
30,0
30,0
30,0
30,0
30,0
30,0
30,0
30,0
30,0
30,0
30,0
30,0
30,0
30,0
30,0
30,0
30,0
30,0
30,0
30,0
30,0
30,0
30,1
30,3
30,5
30,7
30,9
30,11
30,13
30,15
30,19
30,19
30,21
30,23
30,25
30,27
30,29
30,31
30,33
30,35
30,37
30,39
30,43
30,43
30,44
30,45
30,46
30,47
30,47
30,47
30,47
30,47
30,47
30,47
30,47
30,47
30,47
30,47
30,47
30,47
30,47
30,47
30,47
30,47
30,47
30,47
30,47
30,47
30,47
30,47
30,47
30,47
30,47
30,47
30,47
30,47
30,47
30,47
30,47
30,47
30,47
30,47
30,47
30,47
30,47
30,47
30,47
30,47
30,47
30,47
30,47
30,47
30,47
30,47
30,47
30,47
30,47
30,47
30,47
30,47
30,47
30,47
30,47
30,47
30,47
30,47
30,47
30,47
30,47
30,47
30,47
30,47
30,47
30,47
30,47
30,47
30,47
30,47
30,47
30,47
30,47
30,47
30,47
30,47
30,47
30,47
30,47
30,47
30,47
30,47
30,47
30,47
30,47
30,47
30,47
30,47
30,47
30,47
30,47
30,47
30,47
30,47
30,47
30,47
30,47
30,47
30,47
30,47
30,47
30,47
30,47
30,47
30,47
30,47
30,47
30,47
30,47
30,47
30,47
30,47
30,47
30,47
30,47
30,47
30,47
30,47
30,47
30,47
30,47
30,47
30,47
30,47
30,47
30,47
30,47
30,47
30,47
30,47
30,47
30,47
30,47
30,47
30,47
30,47
30,47
30,47
30,47
30,47
30,47
30,47
30,47
30,47
30,47
30,47
30,47
30,47
30,47
30,47
30,47
30,47
30,47
30,47
30,47
30,47
30,47
30,47
30,47
30,47
30,47
30,47
30,47
30,47
30,47
30,47
30,47
30,47
30,47
30,47
30,47
30,47
30,47
30,47
30,47
30,47
30,47
30,47
30,47
30,47
30,47
30,47
30,47
30,47
30,47
30,47
30,47
30,47
30,47
30,47
30,47
30,47
30,47
30,47
30,47
30,47
30,47
30,47
30,47
30,47
30,47
30,47
30,47
30,47
30,47
30,47
30,47
30,47
30,47
30,47
30,47
30,47
30,47
30,47
30,47
30,47
30,47
30,47
30,47
30,47
30,47
30,47
30,47
30,47
30,47
30,47
30,47
30,47
30,47
30,47
30,47
30,47
30,47
30,47
30,47
30,47
30,47
30,47
30,47
30,47
30,47
30,47
30,47
30,47
30,47
30,47
30,47
30,47
30,47
30,47
30,47
30,47
30,47
30,47
30,47
30,47
30,47
30,47
30,47
30,47
30,47
30,47
30,47
30,47
30,47
30,47
30,47
30,47
30,47
30,47
30,47
30,47
30,47
30,47
30,47
30,47
30,47
30,47
30,47
30,47
30,47
30,47
30,47
30,47
30,47
30,47
30,47
30,47
30,47
30,47
30,47
30,47
30,47
30,47
30,47
30,47
30,47
30,47
30,47
30,47
30,47
30,47
30,47
30,47
30,47
30,47
30,47
30,47
30,47
30,47
30,47
30,47
30,47
30,47
30,47
30,47
30,47
30,47
30,47
30,47
30,47
30,47
30,47
30,47
30,47
30,47
30,47
30,47
30,47
30,47
30,47
30,47
30,47
30,47
30,47
30,47
30,47
30,47
30,47
30,47
30,47
30,47
30,47
30,47
30,47
30,47
30,47
30,47
30,47
30,47
30,47
30,47
30,47
30,47
30,47
30,47
30,47
30,47
30,47
30,47
30,47
30,47
30,47
30,47
30,47
30,47
30,47
30,47
30,47
30,47
30,47
30,47
30,47
30,47
30,47
30,47
30,47
30,47
30,47
30,47
30,47
30,47
30,47
30,47
30,47
30,47
30,47
30,47
30,47
30,47
30,47
30,47
30,47
30,47
30,47
30,47
30,47
30,47
30,47
30,47
30,47
30,47
30,47
30,47
30,47
30,47
30,47
30,47
30,47
30,47
30,47
30,47
30,47
30,47
30,47
30,47
30,47
30,47
30,47
30,47
30,47
30,47
30,47
30,47
30,47
30,47
30,47
30,47
30,47
30,47
30,47
30,47
30,47
30,47
30,47
30,47
30,47
30,47
30,47
30,47
30,47
30,47
30,47
30,47
30,47
30,47
30,47
30,47
30,47
30,47
30,47
30,47
30,47
30,47
30,47
30,47
30,47
30,47
30,47
30,47
30,47
30,47
30,47
30,47
30,47
30,47
30,47
30,47
30,47
30,47
30,47
30,47
30,47
30,47
30,47
30,47
30,47
30,47
30,47
30,47
30,47
30,47
30,47
30,47
30,47
30,47
30,47
30,47
30,47
30,47
30,47
30,47
30,47
30,47
30,47
30,47
30,47
30,47
30,47
30,47
30,47
30,47
30,47
30,47
30,47
30,47
30,47
30,47
30,47
30,47
30,47
30,47
30,47
30,47
30,47
30,47
30,47
30,47
30,47
30,47
30,47
30,47
30,47
30,47
30,47
30,47
30,47
30,47
30,47
30,47
30,47
30,47
30,47
30,47
30,47
30,47
30,47
30,47
30,47
30,47
30,47
30,47
30,47
30,47
30,47
30,47
30,47
30,47
30,47
30,47
30,47
30,47
30,47
30,47
30,47
30,47
30,47
30,47
30,47
30,47
30,47
30,47
30,47
30,47
30,47
30,47
30,47
30,47
30,47
30,47
30,47
30,47
30,47
30,47
30,47
30,47
30,47
30,47
30,47
30,47
30,47
30,47
30,47
30,47
30,47
30,47
30,47
30,47
30,47
30,47
30,47
30,47
30,47
30,47
30,47
30,47
30,47
30,47
30,47
30,47
30,47
30,47
30,47
30,47
30,47
30,47
30,47
30,47
30,47
30,47
30,47
30,47
30,47
30,47
30,47
30,47
30,47
30,47
30,47
30,47
30,47
30,47
30,47
30,47
30,47
30,47
30,47
30,47
30,47
30,47
30,47
30,47
30,47
30,47
30,47
30,47
30,47
30,47
30,47
30,47
30,47
30,47
30,47
30,47
30,47
30,47
30,47
30,47
30,47
30,47
30,47
30,47
30,47
30,47
30,47
30,47
30,47
30,47
30,47
30,47
30,47
30,47
30,47
30,47
30,47
30,47
30,47
30,47
30,47
30,47
30,47
30,47
30,47
30,47
30,47
30,47
30,47
30,47
30,47
30,47
30,47
30,47
30,47
30,47
30,47
30,47
30,47
30,47
30,47
30,47
30,47
30,47
30,47
30,47
30,47
30,47
30,47
30,47
30,47
30,47
30,47
30,47
30,47
30,47
30,47
30,47
30,47
30,47
30,47
30,47
30,47
30,47
30,47
30,47
30,47
30,47
30,47
30,47
30,47
30,47
30,47
30,47
30,47
30,47
30,47
30,47
30,47
30,47
30,47
30,47
30,47
30,47
30,47
30,47
30,47
30,47
30,47
30,47
30,47
30,47
30,47
30,47
30,47
30,47
30,47
30,47
30,47
30,47
30,47
30,47
30,47
30,47
30,47
30,47
30,47
30,47
30,47
30,47
30,47
30,47
30,47
30,47
30,47
30,47
30,47
30,47
30,47
30,47
30,47
30,47
30,47
30,47
30,47
30,47
30,47
30,47
30,47
30,47
30,47
30,47
30,47
30,47
30,47
30,47
30,47
30,47
30,47
30,47
30,47
30,47
30,47
30,47
30,47
30,47
30,47
30,47
30,47
30,47
30,47
30,47
30,47
30,47
30,47
30,47
30,47
30,47
30,47
30,47
30,47
30,47
30,47
30,47
30,47
30,47
30,47
30,47
30,47
30,47
30,47
30,47
30,47
30,47
30,47
30,47
30,47
30,47
30,47
30,47
30,47
30,47
30,47
30,47
30,47
30,47
30,47
30,47
30,47
30,47
30,47
30,47
30,47
30,47
30,47
30,47
30,47
30,47
30,47
30,47
30,47
30,47
30,47
30,47
30,47
30,47
30,47
30,47
30,47
30,47
30,47
30,47
30,47
30,47
30,47
30,47
30,47
30,47
30,47
30,47
30,47
30,47
30,47
30,47
30,47
30,47
30,47
30,47
30,47
30,47
30,47
30,47
30,47
30,47
30,47
30,47
30,47
30,47
30,47
30,47
30,47
30,47
30,47
30,47
30,47
30,47
30,47
30,47
30,47
30,47
30,47
30,47
30,47
30,47
30,47
30,47
30,47
30,47
30,47
30,47
30,47
30,47
30,47
30,47
30,47
30,47
30,47
30,47
30,47
30,47
30,47
30,46
30,45
30,44
30,43
30,43
30,43
30,43
30,43
30,43
30,43
30,43
30,43
30,43
30,43
30,43
30,43
30,43
30,43
30,43
30,43
30,43
30,43
30,43
30,43
30,43
30,43
30,43
30,43
30,43
30,43
30,43
30,43
30,43
30,43
30,43
30,43
30,43
30,43
30,43
30,43
30,43
30,43
30,43
30,43
30,43
30,43
30,43
30,43
30,43
30,43
30,43
30,43
30,43
30,43
30,43
30,43
30,43
30,43
30,43
30,43
30,43
30,43
30,43
30,43
30,43
30,43
30,43
30,43
30,43
30,43
30,43
30,43
30,43
30,43
30,43
30,43
30,43
30,43
30,43
30,43
30,43
30,43
30,43
30,43
30,43
30,43
30,43
30,43
30,43
30,44
30,45
30,46
30,48
30,50
30,52
30,54
30,56
30,58
30,60
30,62
30,64
30,66
30,67
30,68
30,69
30,70
30,71
30,72
30,73
30,74
30,74
30,74
30,74
30,74
30,74
30,74
30,74
30,74
30,74
30,74
30,74
30,74
30,74
30,74
30,74
30,74
30,74
30,74
30,74
30,74
30,74
30,74
30,74
30,74
30,74
30,74
30,74
30,74
30,74
30,74
30,74
30,74
30,74
30,74
30,74
30,74
30,74
30,74
30,74
30,74
30,74
30,74
30,74
30,74
30,74
30,74
30,74
30,74
30,74
30,74
30,74
30,74
30,74
30,74
30,74
30,74
30,74
30,74
30,74
30,74
30,74
30,74
30,74
30,74
30,74
30,74
30,74
30,74
30,74
30,74
30,74
30,74
30,74
30,74
30,74
30,74
30,74
30,74
30,74
30,74
30,74
30,74
30,74
30,74
30,74
30,74
30,74
30,74
30,74
30,74
30,74
30,74
30,74
30,74
30,74
30,74
30,74
30,74
30,74
30,74
30,74
30,74
30,74
30,74
30,74
30,74
30,74
30,74
30,74
30,74
30,74
30,74
30,74
30,74
30,74
30,74
30,74
30,74
30,74
30,74
30,74
30,74
30,74
30,74
30,74
30,74
30,74
30,74
30,74
30,74
30,74
30,74
30,74
30,74
30,74
30,74
30,74
30,74
30,74
30,74
30,74
30,74
30,74
30,74
30,74
30,74
30,74
30,74
30,74
30,74
30,74
30,74
30,74
30,74
30,74
30,74
30,74
30,74
30,74
30,74
30,74
30,74
30,74
30,74
30,74
30,74
30,74
30,74
30,74
30,74
30,74
30,74
30,74
30,74
30,74
30,74
30,74
30,74
30,74
30,74
30,74
30,74
30,74
30,74
30,74
30,74
30,74
30,74
30,74
30,74
30,74
30,74
30,74
30,74
30,74
30,74
30,74
30,74
30,74
30,74
30,74
30,74
30,74
30,74
30,74
30,74
30,74
30,74
30,74
30,74
30,74
30,74
30,74
30,74
30,74
30,74
30,74
30,74
30,74
30,74
30,74
30,74
30,74
30,74
30,74
30,74
30,74
30,74
30,74
30,74
30,74
30,74
30,74
30,74
30,74
30,74
30,74
30,74
30,74
30,74
30,74
30,74
30,74
30,74
30,74
30,74
30,74
30,74
30,74
30,74
30,74
30,74
30,74
30,74
30,74
30,74
30,74
30,74
30,74
30,74
30,74
30,74
30,74
30,74
30,74
30,74
30,74
30,74
30,74
30,74
30,74
30,74
30,74
30,74
30,74
30,74
30,74
30,74
30,74
30,74
30,74
30,74
30,74
30,74
30,74
30,74
30,74
30,74
30,74
30,74
30,74
30,74
30,74
30,74
30,74
30,74
30,74
30,74
30,74
30,74
30,74
30,74
30,74
30,74
30,74
30,74
30,74
30,74
30,74
30,74
30,74
30,74
30,74
30,74
30,74
30,74
30,74
30,74
30,74
30,74
30,74
30,74
30,74
30,74
30,74
30,74
30,74
30,74
30,74
30,74
30,74
30,74
30,74
30,74
30,74
30,74
30,74
30,74
30,74
30,74
30,74
30,74
30,74
30,74
30,74
30,74
30,74
30,74
30,74
30,74
30,74
30,74
30,74
30,74
30,74
30,74
30,74
30,74
30,74
30,74
30,74
30,74
30,74
30,74
30,74
30,74
30,74
30,74
30,74
30,74
30,74
30,74
30,74
30,74
30,74
30,74
30,74
30,74
30,74
30,74
30,74
30,74
30,74
30,74
30,74
30,74
30,74
30,74
30,74
30,74
30,74
30,74
30,74
30,74
30,74
30,74
30,74
30,74
30,74
30,74
30,74
30,74
30,74
30,74
30,74
30,74
30,74
30,74
30,74
30,74
30,74
30,74
30,74
30,74
30,74
30,74
30,74
30,74
30,74
30,74
30,74
30,74
30,74
30,74
30,74
30,74
30,74
30,74
30,74
30,74
30,74
30,74
30,74
30,74
30,74
30,74
30,74
30,74
30,74
30,74
30,74
30,74
30,74
30,74
30,74
30,74
30,74
30,74
30,74
30,74
30,74
30,74
30,74
30,74
30,74
30,74
30,74
30,74
30,74
30,74
30,74
30,74
30,74
30,74
30,74
30,74
30,74
30,74
30,74
30,74
30,74
30,74
30,74
30,74
30,74
30,74
30,74
30,74
30,74
30,74
30,74
30,74
30,74
30,74
30,74
30,74
30,74
30,74
30,74
30,74
30,74
30,74
30,74
30,74
30,74
30,74
30,74
30,74
30,74
30,74
30,74
30,74
30,74
30,74
30,74
30,74
30,74
30,74
30,74
30,74
30,74
30,74
30,74
30,74
30,74
30,74
30,74
30,74
30,74
30,74
30,74
30,74
30,74
30,74
30,74
30,74
30,74
30,74
30,74
30,74
30,74
30,74
30,74
30,74
30,74
30,74
30,74
30,74
30,74
30,74
30,74
30,74
30,74
30,74
30,74
30,74
30,74
30,74
30,74
30,74
30,74
30,74
30,74
30,74
30,74
30,74
30,74
30,74
30,74
30,74
30,74
30,74
30,74
30,74
30,74
30,74
30,74
30,74
30,74
30,74
30,74
30,74
30,74
30,74
30,74
30,74
30,74
30,74
30,74
30,74
30,74
30,74
30,74
30,74
30,74
30,74
30,74
30,74
30,74
30,74
30,74
30,74
30,74
30,74
30,74
30,74
30,74
30,74
30,74
30,74
30,74
30,74
30,74
30,74
30,74
30,74
30,74
30,74
30,74
30,74
30,74
30,74
30,74
30,74
30,74
30,74
30,74
30,74
30,74
30,74
30,74
30,74
30,74
30,74
30,74
30,74
30,74
30,74
30,74
30,74
30,74
30,74
30,74
30,74
30,74
30,74
30,74
30,74
30,74
30,74
30,74
30,74
30,74
30,74
30,74
30,74
30,74
30,74
30,74
30,74
30,74
30,74
30,74
30,74
30,74
30,74
30,74
30,74
30,74
30,74
30,74
30,74
30,74
30,74
30,74
30,74
30,74
30,74
30,74
30,74
30,74
30,74
30,74
30,74
30,74
30,74
30,74
30,74
30,74
30,74
30,74
30,74
30,74
30,74
30,74
30,74
30,74
30,74
30,74
30,74
30,74
30,74
30,74
30,74
30,74
30,74
30,74
30,74
30,74
30,74
30,74
30,74
30,74
30,74
30,74
30,74
30,74
30,74
30,74
30,74
30,74
30,74
30,74
30,74
30,74
30,74
30,74
30,74
30,74
30,74
30,74
30,74
30,74
30,74
30,74
30,74
30,74
30,74
30,74
30,74
30,74
30,74
30,74
30,74
30,74
30,74
30,74
30,74
30,74
30,74
30,74
30,74
30,74
30,74
30,74
30,74
30,74
30,74
30,74
30,74
30,74
30,74
30,74
30,74
30,74
30,74
30,74
30,74
30,74
30,74
30,74
30,74
30,74
30,74
30,74
30,74
30,74
30,74
30,74
30,74
30,74
30,74
30,74
30,74
30,74
30,74
30,74
30,74
30,74
30,74
30,74
30,74
30,74
30,74
30,74
30,74
30,74
30,74
30,74
30,74
30,74
30,74
30,74
30,74
30,74
30,74
30,74
30,74
30,74
30,74
30,74
30,74
30,74
30,74
30,74
30,74
30,74
30,74
30,74
30,74
30,74
30,74
30,74
30,74
30,74
30,74
30,74
30,74
30,74
30,74
30,74
30,74
30,74
30,74
30,74
30,74
30,74
30,74
30,74
30,74
30,74
30,74
30,74
30,74
30,74
30,74
30,74
30,74
30,74
30,74
30,74
30,74
30,74
30,74
30,74
30,74
30,74
30,74
30,74
30,74
30,74
30,74
30,74
30,74
30,74
30,74
30,74
30,74
30,74
30,74
30,74
30,74
30,74
30,74
30,74
30,74
30,74
30,74
30,74
30,74
30,74
30,74
30,74
30,74
30,74
30,74
30,74
30,74
30,74
30,74
30,74
30,74
30,74
30,74
30,74
30,74
30,74
30,74
30,74
30,74
30,74
30,74
30,74
30,74
30,74
30,74
30,74
30,74
30,74
30,74
30,74
30,74
30,74
30,74
30,74
30,74
30,74
30,74
30,74
30,74
30,74
30,74
30,74
30,74
30,74
30,74
30,74
30,74
30,74
30,74
30,74
30,74
30,74
30,74
30,74
30,74
30,74
30,74
30,74
30,74
30,74
30,74
30,74
30,74
30,74
30,74
30,74
30,74
30,74
30,74
30,74
30,74
30,74
30,74
30,74
30,74
30,74
30,74
30,74
30,74
30,74
30,74
30,74
30,74
30,74
30,74
30,74
30,74
30,74
30,74
30,74
30,74
30,74
30,74
30,74
30,74
30,74
30,74
30,74
30,74
30,74
30,74
30,74
30,74
30,74
30,74
30,74
30,74
30,74
30,74
30,74
30,74
30,74
30,74
30,74
30,74
30,74
30,74
30,74
30,74
30,74
30,74
30,74
30,74
30,74
30,74
30,74
30,74
30,74
30,74
30,74
30,74
30,74
30,74
30,74
30,74
30,74
30,74
30,74
30,74
30,74
30,74
30,74
30,74
30,74
30,74
30,74
30,74
30,74
30,74
30,74
30,74
30,74
30,74
30,74
30,74
30,74
30,74
30,74
30,74
30,74
30,74
30,74
30,74
30,74
30,74
30,74
30,74
30,74
30,74
30,74
30,74
30,74
30,74
30,74
30,74
30,74
30,74
30,74
30,74
30,74
30,74
30,74
30,74
30,74
30,74
30,74
30,74
30,74
30,74
30,74
30,74
30,74
30,74
30,74
30,74
30,74
30,74
30,74
30,74
30,74
30,74
30,74
30,74
30,74
30,74
30,74
30,74
30,74
30,74
30,74
30,74
30,74
30,74
30,74
30,74
30,74
30,74
30,74
30,74
30,74
30,74
30,74
30,74
30,74
30,74
30,74
30,74
30,74
30,74
30,74
30,74
30,74
30,74
30,74
30,74
30,74
30,74
30,74
30,74
30,74
30,74
30,74
30,74
30,74
30,74
30,74
30,74
30,74
30,74
30,74
30,74
30,74
30,74
30,74
30,74
30,74
30,74
30,74
30,74
30,74
30,74
30,74
30,74
30,74
30,74
30,74
30,74
30,74
30,74
30,74
30,74
30,74
30,74
30,74
30,74
30,74
30,74
30,74
30,74
30,74
30,74
30,74
30,74
30,74
30,74
30,74
30,74
30,74
30,74
30,74
30,74
30,74
30,74
30,74
30,74
30,74
30,74
30,74
30,74
30,74
30,74
30,74
30,74
30,74
30,74
30,74
30,74
30,74
30,74
30,74
30,74
30,74
30,74
30,74
30,74
30,74
30,74
30,74
30,74
30,74
30,74
30,74
30,74
30,74
30,74
30,74
30,74
30,74
30,74
30,74
30,74
30,74
30,74
30,74
30,74
30,74
30,74
30,74
30,74
30,74
30,74
30,74
30,74
30,74
30,74
30,74
30,74
30,74
30,74
30,74
30,74
30,74
30,74
30,74
30,74
30,74
30,74
30,74
30,74
30,74
30,74
30,74
30,74
30,74
30,74
30,74
30,74
30,74
30,74
30,74
30,74
30,74
30,74
30,74
30,74
30,74
30,74
30,74
30,74
30,74
30,74
30,74
30,74
30,74
30,74
30,74
30,74
30,74
30,74
30,74
30,74
30,74
30,74
30,74
30,74
30,74
30,74
30,74
30,74
30,74
30,74
30,74
30,74
30,74
30,74
30,74
30,74
30,74
30,74
30,74
30,74
30,74
30,74
30,74
30,74
30,74
30,74
30,74
30,74
30,74
30,74
30,74
30,74
30,74
30,74
30,74
30,74
30,74
30,74
30,74
30,74
30,74
30,74
30,74
30,74
30,74
30,74
30,74
30,74
30,74
30,74
30,74
30,74
30,74
30,74
30,74
30,74
30,74
30,74
30,74
30,74
30,74
30,74
30,74
30,74
30,74
30,74
30,74
30,74
30,74
30,74
30,74
30,74
30,74
30,74
30,74
30,74
30,74
30,74
30,74
30,74
30,74
30,74
30,74
30,74
30,74
30,74
30,74
30,74
30,74
30,74
30,74
30,74
30,74
30,74
30,74
30,74
30,74
30,74
30,74
30,74
30,74
30,74
30,74
30,74
30,74
30,74
30,74
30,74
30,74
30,74
30,74
30,74
30,74
30,74
30,74
30,74
30,74
30,74
30,74
30,74
30,74
30,74
30,74
30,74
30,74
30,74
30,74
30,74
30,74
30,74
30,74
30,74
30,74
30,74
30,74
30,74
30,74
30,74
30,74
30,74
30,74
30,74
30,74
30,74
30,74
30,74
30,74
30,74
30,74
30,74
30,74
30,74
30,74
30,74
30,74
30,74
30,74
30,74
30,74
30,74
30,74
30,74
30,74
30,74
30,74
30,74
30,74
30,74
30,74
30,74
30,74
30,74
30,74
30,74
30,74
30,74
30,74
30,74
30,74
30,74
30,74
30,74
30,74
30,74
30,74
30,74
30,74
30,74
30,74
30,74
30,74
30,74
30,74
30,74
30,74
30,74
30,74
30,74
30,74
30,74
30,74
30,74
30,74
30,74
30,74
30,74
30,74
30,74
30,74
30,74
30,74
30,74
30,74
30,74
30,74
30,74
30,74
30,74
30,74
30,74
30,74
30,74
30,74
30,74
30,74
30,74
30,74
30,74
30,74
30,74
30,74
30,74
30,74
30,74
30,74
30,74
30,74
30,74
30,74
30,74
30,74
30,74
30,74
30,74
30,74
30,74
30,74
30,74
30,74
30,74
30,74
30,74
30,74
30,74
30,74
30,74
30,74
30,74
30,74
30,74
30,74
30,74
30,74
30,74
30,74
30,74
30,74
30,74
30,74
30,74
30,74
30,74
30,74
30,74
30,74
30,74
30,74
30,74
30,74
30,74
30,74
30,74
30,74
30,74
30,74
30,74
30,74
30,74
30,74
30,74
30,74
30,74
30,74
30,74
30,74
30,74
30,74
30,74
30,74
30,74
30,74
30,74
30,74
30,74
30,74
30,74
30,74
30,74
30,74
30,74
30,74
30,74
30,74
30,74
30,74
30,74
30,74
30,74
30,74
30,74
30,74
30,74
30,74
30,74
30,74
30,74
30,74
30,74
30,74
30,74
30,74
30,74
30,74
30,74
30,74
30,74
30,74
30,74
30,74
30,74
30,74
30,74
30,74
30,74
30,74
30,74
30,74
30,74
30,74
30,74
30,74
30,74
30,74
30,74
30,74
30,74
30,74
30,74
30,74
30,74
30,74
30,74
30,74
30,74
30,74
30,74
30,74
30,74
30,74
30,74
30,74
30,74
30,74
30,74
30,74
30,74
30,74
30,74
30,74
30,74
30,74
30,74
30,74
30,74
30,74
30,74
30,74
30,74
30,74
30,74
30,74
30,74
30,74
30,74
30,73
30,72
30,68
30,68
30,66
30,64
30,62
30,60
30,58
30,56
30,52
30,50
30,50
30,48
30,44
30,44
30,42
30,40
30,36
30,36
30,32
30,32
30,30
30,28
30,26
30,24
30,20
30,20
30,18
30,14
30,12
30,12
30,10
30,8
30,6
30,4
30,0
30,0
30,0
30,0
30,0
30,0
30,0
30,0
30,0
30,0
30,0
30,0
30,0
30,0
30,0
30,0
30,0
30,0
30,0
30,0
30,1
30,3
30,5
30,7
30,9
30,11
30,13
30,15
30,17
30,19
30,21
30,23
30,25
30,27
30,29
30,31
30,33
30,35
30,37
30,39
30,41
30,43
30,45
30,47
30,49
30,49
30,49
30,49
30,49
30,49
30,49
30,49
30,49
30,49
30,49
30,49
30,49
30,49
30,49
30,49
30,49
30,49
30,49
30,49
30,49
30,49
30,49
30,49
30,49
30,49
30,49
30,49
30,49
30,49
30,49
30,49
30,49
30,49
30,49
30,49
30,49
30,49
30,49
30,49
30,49
30,49
30,49
30,49
30,49
30,49
30,49
30,49
30,49
30,49
30,49
30,49
30,49
30,49
30,49
30,49
30,49
30,49
30,49
30,49
30,49
30,49
30,49
30,49
30,49
30,49
30,49
30,49
30,49
30,49
30,49
30,49
30,49
30,49
30,49
30,49
30,49
30,49
30,49
30,49
30,49
30,49
30,49
30,49
30,49
30,49
30,49
30,49
30,49
30,49
30,49
30,49
30,49
30,49
30,49
30,49
30,49
30,49
30,49
30,49
30,49
30,49
30,49
30,49
30,49
30,49
30,49
30,49
30,49
30,49
30,49
30,49
30,49
30,49
30,50
30,51
30,53
30,55
30,57
30,59
30,61
30,63
30,65
30,66
30,66
30,66
30,66
30,66
30,66
30,66
30,66
30,66
30,66
30,66
30,66
30,66
30,66
30,66
30,66
30,66
30,66
30,66
30,66
30,66
30,66
30,66
30,66
30,66
30,66
30,66
30,66
30,66
30,66
30,66
30,66
30,66
30,66
30,66
30,66
30,66
30,66
30,66
30,66
30,66
30,66
30,66
30,66
30,66
30,66
30,66
30,66
30,66
30,66
30,66
30,66
30,66
30,66
30,66
30,66
30,66
30,66
30,66
30,66
30,66
30,66
30,66
30,66
30,66
30,66
30,66
30,66
30,66
30,66
30,66
30,66
30,66
30,66
30,66
30,66
30,66
30,66
30,66
30,66
30,66
30,66
30,66
30,66
30,66
30,66
30,66
30,66
30,66
30,66
30,66
30,66
30,66
30,66
30,66
30,66
30,66
30,66
30,66
30,66
30,66
30,66
30,66
30,66
30,66
30,66
30,66
30,66
30,66
30,66
30,66
30,66
30,66
30,66
30,66
30,66
30,66
30,66
30,66
30,66
30,66
30,66
30,66
30,66
30,66
30,66
30,66
30,66
30,66
30,66
30,66
30,66
30,66
30,66
30,66
30,66
30,66
30,66
30,66
30,66
30,66
30,66
30,66
30,66
30,66
30,66
30,66
30,66
30,66
30,66
30,66
30,66
30,66
30,66
30,66
30,66
30,66
30,66
30,66
30,66
30,66
30,66
30,66
30,66
30,66
30,66
30,66
30,66
30,66
30,66
30,66
30,66
30,66
30,66
30,66
30,66
30,66
30,66
30,66
30,66
30,66
30,66
30,66
30,66
30,66
30,66
30,66
30,66
30,66
30,66
30,66
30,66
30,66
30,66
30,66
30,66
30,66
30,66
30,66
30,66
30,66
30,66
30,66
30,66
30,66
30,66
30,66
30,66
30,66
30,66
30,66
30,66
30,66
30,66
30,66
30,66
30,66
30,66
30,66
30,66
30,66
30,66
30,66
30,66
30,66
30,66
30,66
30,66
30,66
30,66
30,66
30,66
30,66
30,66
30,66
30,66
30,66
30,66
30,66
30,66
30,66
30,66
30,66
30,66
30,66
30,66
30,66
30,66
30,66
30,66
30,66
30,66
30,66
30,66
30,66
30,66
30,66
30,66
30,66
30,66
30,66
30,66
30,66
30,66
30,66
30,66
30,66
30,66
30,66
30,66
30,66
30,66
30,66
30,66
30,66
30,66
30,66
30,66
30,66
30,66
30,66
30,66
30,66
30,66
30,66
30,66
30,66
30,66
30,66
30,66
30,66
30,66
30,66
30,66
30,66
30,66
30,66
30,66
30,66
30,66
30,66
30,66
30,66
30,66
30,66
30,66
30,66
30,66
30,66
30,66
30,66
30,66
30,66
30,66
30,66
30,66
30,66
30,66
30,66
30,66
30,66
30,66
30,66
30,66
30,66
30,66
30,66
30,66
30,66
30,66
30,66
30,66
30,66
30,66
30,66
30,66
30,66
30,66
30,66
30,66
30,66
30,66
30,66
30,66
30,66
30,66
30,66
30,66
30,66
30,66
30,66
30,66
30,66
30,66
30,66
30,66
30,66
30,66
30,66
30,66
30,66
30,66
30,66
30,66
30,66
30,66
30,66
30,66
30,66
30,66
30,66
30,66
30,66
30,66
30,66
30,66
30,66
30,66
30,66
30,66
30,66
30,66
30,66
30,66
30,66
30,66
30,66
30,66
30,66
30,66
30,66
30,66
30,66
30,66
30,66
30,66
30,66
30,66
30,66
30,66
30,66
30,66
30,66
30,66
30,66
30,66
30,66
30,66
30,66
30,66
30,66
30,66
30,66
30,66
30,66
30,66
30,66
30,66
30,66
30,66
30,66
30,66
30,66
30,66
30,66
30,66
30,66
30,66
30,66
30,66
30,66
30,66
30,66
30,66
30,66
30,66
30,66
30,66
30,66
30,66
30,66
30,66
30,66
30,66
30,66
30,66
30,66
30,66
30,66
30,66
30,66
30,66
30,66
30,66
30,66
30,66
30,66
30,66
30,66
30,66
30,66
30,66
30,66
30,66
30,66
30,66
30,66
30,66
30,66
30,66
30,66
30,66
30,66
30,66
30,66
30,66
30,66
30,66
30,66
30,66
30,66
30,66
30,66
30,66
30,66
30,66
30,66
30,66
30,66
30,66
30,66
30,66
30,66
30,66
30,66
30,66
30,66
30,66
30,66
30,66
30,66
30,66
30,66
30,66
30,66
30,66
30,66
30,66
30,66
30,66
30,66
30,66
30,66
30,66
30,66
30,66
30,66
30,66
30,66
30,66
30,66
30,66
30,66
30,66
30,66
30,66
30,66
30,66
30,66
30,66
30,66
30,66
30,66
30,66
30,66
30,66
30,66
30,66
30,66
30,66
30,66
30,66
30,66
30,66
30,66
30,66
30,66
30,66
30,66
30,66
30,66
30,66
30,66
30,66
30,66
30,66
30,66
30,66
30,66
30,66
30,66
30,66
30,66
30,66
30,66
30,66
30,66
30,66
30,66
30,66
30,66
30,66
30,66
30,66
30,66
30,66
30,66
30,66
30,66
30,66
30,66
30,66
30,66
30,66
30,66
30,66
30,66
30,66
30,66
30,66
30,66
30,66
30,66
30,66
30,66
30,66
30,66
30,66
30,66
30,66
30,66
30,66
30,66
30,66
30,66
30,66
30,66
30,66
30,66
30,66
30,66
30,66
30,66
30,66
30,66
30,66
30,66
30,66
30,66
30,66
30,66
30,66
30,66
30,66
30,66
30,66
30,66
30,66
30,66
30,66
30,66
30,66
30,66
30,66
30,66
30,66
30,66
30,66
30,66
30,66
30,66
30,66
30,66
30,66
30,66
30,66
30,66
30,66
30,66
30,66
30,66
30,66
30,66
30,66
30,66
30,66
30,66
30,66
30,66
30,66
30,66
30,66
30,66
30,66
30,66
30,66
30,66
30,66
30,66
30,66
30,66
30,66
30,66
30,66
30,66
30,66
30,66
30,66
30,66
30,66
30,66
30,66
30,66
30,66
30,66
30,66
30,66
30,66
30,66
30,66
30,66
30,66
30,66
30,66
30,66
30,66
30,66
30,66
30,66
30,66
30,66
30,66
30,66
30,66
30,66
30,66
30,66
30,66
30,66
30,66
30,66
30,66
30,66
30,66
30,66
30,66
30,66
30,66
30,66
30,66
30,66
30,66
30,66
30,66
30,66
30,66
30,66
30,66
30,66
30,66
30,66
30,66
30,66
30,66
30,66
30,66
30,66
30,66
30,66
30,66
30,66
30,66
30,66
30,66
30,66
30,66
30,66
30,66
30,66
30,66
30,66
30,66
30,66
30,66
30,66
30,66
30,66
30,66
30,66
30,66
30,66
30,66
30,66
30,66
30,66
30,66
30,66
30,66
30,66
30,66
30,66
30,66
30,66
30,66
30,66
30,66
30,66
30,66
30,66
30,66
30,66
30,66
30,66
30,66
30,66
30,66
30,66
30,66
30,66
30,66
30,66
30,66
30,66
30,66
30,66
30,66
30,66
30,66
30,66
30,66
30,66
30,66
30,66
30,66
30,66
30,66
30,66
30,66
30,66
30,66
30,66
30,66
30,66
30,66
30,66
30,66
30,66
30,66
30,66
30,66
30,66
30,66
30,66
30,66
30,66
30,66
30,66
30,66
30,66
30,66
30,66
30,66
30,66
30,66
30,66
30,66
30,66
30,66
30,66
30,66
30,66
30,66
30,66
30,66
30,66
30,66
30,66
30,66
30,66
30,66
30,66
30,66
30,66
30,66
30,66
30,66
30,66
30,66
30,66
30,66
30,66
30,66
30,66
30,66
30,66
30,66
30,66
30,66
30,66
30,66
30,66
30,66
30,66
30,66
30,66
30,66
30,66
30,66
30,66
30,66
30,66
30,66
30,66
30,66
30,66
30,66
30,66
30,66
30,66
30,66
30,66
30,66
30,66
30,66
30,66
30,66
30,66
30,66
30,66
30,66
30,66
30,66
30,66
30,66
30,66
30,66
30,66
30,66
30,66
30,66
30,66
30,66
30,66
30,66
30,66
30,66
30,66
30,66
30,66
30,66
30,66
30,66
30,66
30,66
30,66
30,66
30,66
30,66
30,66
30,66
30,66
30,66
30,66
30,66
30,66
30,66
30,66
30,66
30,66
30,66
30,66
30,66
30,66
30,66
30,66
30,66
30,66
30,66
30,66
30,66
30,66
30,66
30,66
30,66
30,66
30,66
30,66
30,66
30,66
30,66
30,66
30,66
30,66
30,66
30,66
30,66
30,66
30,66
30,66
30,66
30,66
30,66
30,66
30,66
30,66
30,66
30,66
30,66
30,66
30,66
30,66
30,66
30,66
30,66
30,66
30,66
30,66
30,66
30,66
30,66
30,66
30,66
30,66
30,66
30,66
30,66
30,66
30,66
30,66
30,66
30,66
30,66
30,66
30,66
30,66
30,66
30,66
30,66
30,66
30,66
30,66
30,66
30,66
30,66
30,66
30,66
30,66
30,66
30,66
30,66
30,66
30,66
30,66
30,66
30,66
30,66
30,66
30,66
30,66
30,66
30,66
30,66
30,66
30,66
30,66
30,66
30,66
30,66
30,66
30,66
30,66
30,66
30,66
30,66
30,66
30,66
30,66
30,66
30,66
30,66
30,66
30,66
30,66
30,66
30,66
30,66
30,66
30,66
30,66
30,66
30,66
30,66
30,66
30,66
30,66
30,66
30,66
30,66
30,66
30,66
30,66
30,66
30,66
30,66
30,66
30,66
30,66
30,66
30,66
30,66
30,66
30,66
30,66
30,66
30,66
30,66
30,66
30,66
30,66
30,66
30,66
30,66
30,66
30,66
30,66
30,66
30,66
30,66
30,66
30,66
30,66
30,66
30,66
30,66
30,66
30,66
30,66
30,66
30,66
30,66
30,66
30,66
30,66
30,66
30,66
30,66
30,66
30,66
30,66
30,66
30,66
30,66
30,66
30,66
30,66
30,66
30,66
30,66
30,66
30,66
30,66
30,66
30,66
30,66
30,66
30,65
30,63
30,61
30,57
30,57
30,55
30,53
30,51
30,49
30,47
30,45
30,43
30,41
30,39
30,37
30,35
30,33
30,31
30,29
30,27
30,25
30,23
30,21
30,19
30,19
30,19
30,19
30,19
30,20
30,22
30,24
30,26
30,28
30,30
30,32
30,34
30,36
30,38
30,40
30,42
30,44
30,46
30,48
30,50
30,52
30,54
30,56
30,58
30,58
30,58
30,58
30,58
30,58
30,58
30,58
30,58
30,58
30,58
30,58
30,58
30,58
30,58
30,58
30,58
30,58
30,58
30,58
30,58
30,58
30,58
30,58
30,58
30,58
30,58
30,58
30,57
30,55
30,53
30,51
30,49
30,47
30,46
30,46
30,46
30,46
30,46
30,46
30,46
30,46
30,46
30,46
30,46
30,46
30,46
30,46
30,46
30,46
30,46
30,46
30,46
30,46
30,46
30,46
30,46
30,46
30,46
30,46
30,46
30,46
30,46
30,46
30,46
30,46
30,46
30,46
30,46
30,46
30,46
30,46
30,46
30,46
30,46
30,46
30,46
30,46
30,46
30,46
30,46
30,46
30,46
30,46
30,46
30,46
30,46
30,46
30,46
30,46
30,46
30,46
30,46
30,46
30,46
30,46
30,46
30,46
30,46
30,46
30,46
30,46
30,46
30,46
30,46
30,46
30,46
30,46
30,46
30,46
30,46
30,46
30,46
30,46
30,46
30,46
30,46
30,46
30,46
30,46
30,46
30,46
30,46
30,46
30,46
30,46
30,46
30,46
30,46
30,46
30,46
30,46
30,46
30,46
30,46
30,46
30,46
30,46
30,46
30,46
30,46
30,46
30,46
30,46
30,46
30,46
30,46
30,46
30,46
30,46
30,46
30,46
30,46
30,46
30,46
30,46
30,46
30,46
30,46
30,46
30,46
30,46
30,46
30,46
30,46
30,46
30,46
30,46
30,46
30,46
30,46
30,46
30,46
30,46
30,46
30,46
30,46
30,46
30,46
30,46
30,46
30,46
30,46
30,46
30,46
30,46
30,46
30,46
30,46
30,46
30,46
30,46
30,46
30,46
30,46
30,46
30,46
30,46
30,46
30,46
30,46
30,46
30,46
30,46
30,46
30,46
30,46
30,46
30,46
30,46
30,46
30,46
30,46
30,46
30,46
30,46
30,46
30,46
30,46
30,46
30,46
30,46
30,46
30,46
30,46
30,46
30,46
30,46
30,46
30,46
30,46
30,46
30,46
30,46
30,46
30,46
30,46
30,46
30,46
30,46
30,46
30,46
30,46
30,46
30,46
30,46
30,46
30,46
30,46
30,46
30,46
30,46
30,46
30,46
30,46
30,46
30,46
30,46
30,46
30,46
30,46
30,46
30,46
30,46
30,46
30,46
30,46
30,46
30,46
30,46
30,46
30,46
30,46
30,46
30,46
30,46
30,46
30,46
30,46
30,46
30,46
30,46
30,46
30,46
30,46
30,46
30,46
30,46
30,46
30,46
30,46
30,46
30,46
30,46
30,46
30,46
30,46
30,46
30,46
30,46
30,46
30,46
30,46
30,46
30,46
30,46
30,46
30,46
30,46
30,46
30,46
30,46
30,46
30,46
30,46
30,46
30,46
30,46
30,46
30,46
30,46
30,46
30,46
30,46
30,46
30,46
30,46
30,46
30,46
30,46
30,46
30,46
30,46
30,46
30,46
30,46
30,46
30,46
30,46
30,46
30,46
30,46
30,46
30,46
30,46
30,46
30,46
30,46
30,46
30,46
30,46
30,46
30,46
30,46
30,46
30,46
30,46
30,46
30,46
30,46
30,46
30,46
30,46
30,46
30,46
30,46
30,46
30,46
30,46
30,46
30,46
30,46
30,46
30,46
30,46
30,46
30,46
30,46
30,46
30,46
30,46
30,46
30,46
30,46
30,46
30,46
30,46
30,46
30,46
30,46
30,46
30,46
30,46
30,46
30,46
30,46
30,46
30,46
30,46
30,46
30,46
30,46
30,46
30,46
30,46
30,46
30,46
30,46
30,46
30,46
30,46
30,46
30,46
30,46
30,46
30,46
30,46
30,46
30,46
30,46
30,46
30,46
30,46
30,46
30,46
30,46
30,46
30,46
30,46
30,46
30,46
30,46
30,46
30,46
30,46
30,46
30,46
30,46
30,46
30,46
30,46
30,46
30,46
30,46
30,46
30,46
30,46
30,46
30,46
30,46
30,46
30,46
30,46
30,46
30,46
30,46
30,46
30,46
30,46
30,46
30,46
30,46
30,46
30,46
30,46
30,46
30,46
30,46
30,46
30,46
30,46
30,46
30,46
30,46
30,46
30,46
30,46
30,46
30,46
30,46
30,46
30,46
30,46
30,46
30,46
30,46
30,46
30,46
30,46
30,46
30,46
30,46
30,46
30,46
30,46
30,46
30,46
30,46
30,46
30,46
30,46
30,46
30,46
30,46
30,46
30,46
30,46
30,46
30,46
30,46
30,46
30,46
30,46
30,46
30,46
30,46
30,46
30,46
30,46
30,46
30,46
30,46
30,46
30,46
30,46
30,46
30,46
30,46
30,46
30,46
30,46
30,46
30,46
30,46
30,46
30,46
30,46
30,46
30,46
30,46
30,46
30,46
30,46
30,46
30,46
30,46
30,46
30,46
30,46
30,46
30,46
30,46
30,46
30,46
30,46
30,46
30,46
30,46
30,46
30,46
30,46
30,46
30,46
30,46
30,46
30,46
30,46
30,46
30,46
30,46
30,46
30,46
30,46
30,46
30,46
30,46
30,46
30,46
30,46
30,46
30,46
30,46
30,46
30,46
30,46
30,46
30,46
30,46
30,46
30,46
30,46
30,46
30,46
30,46
30,46
30,46
30,46
30,46
30,46
30,46
30,46
30,46
30,46
30,46
30,46
30,46
30,46
30,46
30,46
30,46
30,46
30,46
30,46
30,46
30,46
30,46
30,46
30,46
30,46
30,46
30,46
30,46
30,46
30,46
30,46
30,46
30,46
30,46
30,46
30,46
30,46
30,46
30,46
30,46
30,46
30,46
30,46
30,46
30,46
30,46
30,46
30,46
30,46
30,46
30,46
30,46
30,46
30,46
30,46
30,46
30,46
30,46
30,46
30,46
30,46
30,46
30,46
30,46
30,46
30,46
30,46
30,46
30,46
30,46
30,46
30,46
30,46
30,46
30,46
30,46
30,46
30,46
30,46
30,46
30,46
30,46
30,46
30,46
30,46
30,46
30,46
30,46
30,46
30,46
30,46
30,46
30,46
30,46
30,46
30,46
30,46
30,46
30,46
30,46
30,46
30,46
30,46
30,46
30,46
30,46
30,46
30,46
30,46
30,46
30,46
30,46
30,46
30,46
30,46
30,46
30,46
30,46
30,46
30,46
30,46
30,46
30,46
30,46
30,46
30,46
30,46
30,46
30,46
30,46
30,46
30,46
30,46
30,46
30,46
30,46
30,46
30,46
30,46
30,46
30,46
30,46
30,46
30,46
30,46
30,46
30,46
30,46
30,46
30,46
30,46
30,46
30,46
30,46
30,46
30,46
30,46
30,46
30,46
30,46
30,46
30,46
30,46
30,46
30,46
30,46
30,46
30,46
30,46
30,46
30,46
30,46
30,46
30,46
30,46
30,46
30,46
30,46
30,46
30,46
30,46
30,46
30,46
30,46
30,46
30,46
30,46
30,46
30,46
30,46
30,46
30,46
30,46
30,46
30,46
30,46
30,46
30,46
30,46
30,46
30,46
30,46
30,46
30,46
30,46
30,46
30,46
30,46
30,46
30,46
30,46
30,46
30,46
30,46
30,46
30,46
30,46
30,46
30,46
30,46
30,46
30,46
30,46
30,46
30,46
30,46
30,46
30,46
30,46
30,46
30,46
30,46
30,46
30,46
30,46
30,46
30,46
30,46
30,46
30,46
30,46
30,46
30,46
30,46
30,46
30,46
30,46
30,46
30,46
30,46
30,46
30,46
30,46
30,46
30,46
30,46
30,46
30,46
30,46
30,46
30,46
30,46
30,46
30,46
30,46
30,46
30,46
30,46
30,46
30,46
30,46
30,46
30,46
30,46
30,46
30,46
30,46
30,46
30,46
30,46
30,46
30,46
30,46
30,46
30,46
30,46
30,46
30,46
30,46
30,46
30,46
30,46
30,46
30,46
30,46
30,46
30,46
30,46
30,46
30,46
30,46
30,46
30,46
30,46
30,46
30,46
30,46
30,46
30,46
30,46
30,46
30,46
30,46
30,46
30,46
30,46
30,46
30,46
30,46
30,46
30,46
30,46
30,46
30,46
30,46
30,46
30,46
30,46
30,46
30,46
30,46
30,46
30,46
30,46
30,46
30,46
30,46
30,46
30,46
30,46
30,46
30,46
30,46
30,46
30,46
30,46
30,46
30,46
30,46
30,46
30,46
30,46
30,46
30,46
30,46
30,46
30,46
30,46
30,46
30,46
30,46
30,46
30,46
30,44
30,42
30,40
30,38
30,36
30,34
30,32
30,30
30,28
30,26
30,24
30,24
30,24
30,24
30,24
30,24
30,25
30,27
30,29
30,31
30,33
30,35
30,37
30,39
30,41
30,43
30,45
30,47
30,49
30,51
30,53
30,55
30,57
30,59
30,61
30,63
30,65
30,67
30,69
30,71
30,73
30,75
30,77
30,79
30,81
30,83
30,85
30,87
30,89
30,91
30,93
30,95
30,97
30,99
30,100
30,100
30,100
30,100
30,100
30,100
30,100
30,100
30,100
30,100
30,100
30,100
30,100
30,100
30,100
30,100
30,100
30,100
30,99
30,98
30,97
30,95
30,93
30,91
30,89
30,88
30,88
30,88
30,88
30,88
30,88
30,88
30,88
30,88
30,88
30,88
30,88
30,88
30,88
30,88
30,88
30,88
30,88
30,88
30,88
30,88
30,88
30,88
30,88
30,88
30,88
30,88
30,88
30,88
30,88
30,88
30,88
30,88
30,88
30,88
30,88
30,88
30,88
30,88
30,88
30,88
30,88
30,88
30,88
30,88
30,88
30,88
30,88
30,88
30,88
30,88
30,88
30,88
30,88
30,88
30,88
30,88
30,88
30,88
30,88
30,88
30,88
30,88
30,88
30,88
30,88
30,88
30,88
30,88
30,88
30,88
30,88
30,88
30,88
30,88
30,88
30,88
30,88
30,88
30,87
30,86
30,85
30,84
30,83
30,82
30,81
30,80
30,80
30,80
30,80
30,80
30,80
30,80
30,80
30,80
30,80
30,80
30,80
30,80
30,80
30,80
30,80
30,80
30,80
30,80
30,80
30,80
30,80
30,80
30,80
30,80
30,80
30,80
30,80
30,80
30,80
30,80
30,80
30,80
30,80
30,80
30,80
30,80
30,80
30,80
30,80
30,80
30,80
30,80
30,80
30,80
30,80
30,80
30,80
30,80
30,80
30,80
30,80
30,80
30,80
30,80
30,80
30,80
30,80
30,80
30,80
30,80
30,80
30,80
30,80
30,80
30,80
30,80
30,80
30,80
30,80
30,80
30,80
30,80
30,80
30,80
30,80
30,80
30,80
30,80
30,80
30,80
30,80
30,80
30,80
30,80
30,80
30,80
30,80
30,80
30,80
30,80
30,80
30,80
30,80
30,80
30,80
30,80
30,80
30,80
30,80
30,80
30,80
30,80
30,80
30,80
30,80
30,80
30,80
30,80
30,80
30,80
30,80
30,80
30,80
30,80
30,80
30,80
30,80
30,80
30,80
30,80
30,80
30,80
30,80
30,80
30,80
30,80
30,80
30,80
30,80
30,80
30,80
30,80
30,80
30,80
30,80
30,80
30,80
30,80
30,80
30,80
30,80
30,80
30,80
30,80
30,80
30,80
30,80
30,80
30,80
30,80
30,80
30,81
30,82
30,84
30,86
30,88
30,90
30,92
30,94
30,96
30,98
30,100
30,100
30,100
30,100
30,100
30,100
30,100
30,100
30,100
30,100
30,100
30,100
30,100
30,100
30,100
30,100
30,100
30,100
30,100
30,100
30,99
30,97
30,95
30,93
30,91
30,89
30,87
30,85
30,83
30,81
30,79
30,77
30,75
30,73
30,71
30,71
30,71
30,71
30,71
30,71
30,71
30,71
30,71
30,71
30,71
30,71
30,71
30,71
30,71
30,71
30,71
30,71
30,71
30,71
30,71
30,71
30,71
30,71
30,71
30,71
30,71
30,71
30,71
30,71
30,71
30,71
30,71
30,71
30,71
30,71
30,71
30,71
30,71
30,71
30,71
30,71
30,71
30,71
30,71
30,71
30,71
30,71
30,71
30,71
30,71
30,71
30,71
30,71
30,71
30,71
30,71
30,71
30,71
30,71
30,71
30,71
30,71
30,71
30,71
30,71
30,71
30,71
30,71
30,71
30,71
30,71
30,71
30,71
30,71
30,71
30,71
30,71
30,71
30,71
30,71
30,71
30,71
30,71
30,71
30,71
30,71
30,71
30,71
30,71
30,71
30,71
30,71
30,71
30,71
30,71
30,71
30,71
30,71
30,71
30,71
30,71
30,71
30,71
30,71
30,71
30,71
30,71
30,71
30,71
30,71
30,71
30,71
30,71
30,71
30,71
30,71
30,71
30,71
30,71
30,71
30,71
30,71
30,71
30,71
30,71
30,71
30,71
30,71
30,71
30,71
30,71
30,71
30,71
30,71
30,71
30,71
30,71
30,71
30,71
30,71
30,71
30,71
30,71
30,71
30,71
30,71
30,71
30,71
30,71
30,71
30,71
30,71
30,71
30,71
30,71
30,71
30,71
30,71
30,71
30,71
30,71
30,71
30,71
30,71
30,71
30,71
30,71
30,71
30,71
30,71
30,71
30,71
30,71
30,71
30,71
30,71
30,71
30,71
30,71
30,71
30,71
30,71
30,71
30,71
30,71
30,71
30,71
30,71
30,71
30,71
30,71
30,71
30,71
30,71
30,71
30,71
30,71
30,71
30,71
30,71
30,71
30,71
30,71
30,71
30,71
30,71
30,71
30,71
30,71
30,71
30,71
30,71
30,71
30,71
30,71
30,71
30,71
30,71
30,71
30,71
30,71
30,71
30,71
30,71
30,71
30,71
30,71
30,71
30,71
30,71
30,71
30,71
30,71
30,71
30,71
30,71
30,71
30,71
30,71
30,71
30,71
30,71
30,71
30,71
30,71
30,71
30,71
30,71
30,71
30,71
30,71
30,71
30,71
30,71
30,71
30,71
30,71
30,71
30,71
30,71
30,71
30,71
30,71
30,71
30,71
30,71
30,71
30,71
30,71
30,71
30,71
30,71
30,71
30,71
30,71
30,71
30,71
30,71
30,71
30,71
30,71
30,71
30,71
30,71
30,71
30,71
30,71
30,71
30,71
30,71
30,71
30,71
30,71
30,71
30,71
30,71
30,71
30,71
30,71
30,71
30,71
30,71
30,71
30,71
30,71
30,71
30,71
30,71
30,71
30,71
30,71
30,71
30,71
30,71
30,71
30,71
30,71
30,71
30,71
30,71
30,71
30,71
30,71
30,71
30,71
30,71
30,71
30,71
30,71
30,71
30,71
30,71
30,71
30,71
30,71
30,71
30,71
30,71
30,71
30,71
30,71
30,71
30,71
30,71
30,71
30,71
30,71
30,71
30,71
30,71
30,71
30,71
30,71
30,71
30,71
30,71
30,71
30,71
30,71
30,71
30,71
30,71
30,71
30,71
30,71
30,71
30,71
30,71
30,71
30,71
30,71
30,71
30,71
30,71
30,71
30,71
30,71
30,71
30,71
30,71
30,71
30,71
30,71
30,71
30,71
30,71
30,71
30,71
30,71
30,71
30,71
30,71
30,71
30,71
30,71
30,71
30,71
30,71
30,71
30,71
30,71
30,71
30,71
30,71
30,71
30,71
30,71
30,71
30,71
30,71
30,71
30,71
30,71
30,71
30,71
30,71
30,71
30,71
30,71
30,71
30,71
30,71
30,71
30,71
30,71
30,71
30,71
30,71
30,71
30,71
30,71
30,71
30,71
30,71
30,71
30,71
30,71
30,71
30,71
30,71
30,71
30,71
30,71
30,71
30,71
30,71
30,71
30,71
30,71
30,71
30,71
30,71
30,71
30,71
30,71
30,71
30,71
30,71
30,71
30,71
30,71
30,71
30,71
30,71
30,71
30,71
30,71
30,71
30,71
30,71
30,71
30,71
30,71
30,71
30,71
30,71
30,71
30,71
30,71
30,71
30,71
30,71
30,71
30,71
30,71
30,71
30,71
30,71
30,71
30,71
30,71
30,71
30,71
30,71
30,71
30,71
30,71
30,71
30,71
30,71
30,71
30,71
30,71
30,71
30,71
30,71
30,71
30,71
30,71
30,71
30,71
30,71
30,71
30,71
30,71
30,71
30,71
30,71
30,71
30,71
30,71
30,71
30,71
30,71
30,71
30,71
30,71
30,71
30,71
30,71
30,71
30,71
30,71
30,71
30,71
30,71
30,71
30,71
30,71
30,71
30,71
30,71
30,71
30,71
30,71
30,71
30,71
30,71
30,71
30,71
30,71
30,71
30,71
30,71
30,71
30,71
30,71
30,71
30,71
30,71
30,71
30,71
30,71
30,71
30,71
30,71
30,71
30,71
30,71
30,71
30,71
30,71
30,71
30,71
30,71
30,71
30,71
30,71
30,71
30,71
30,71
30,71
30,71
30,71
30,71
30,71
30,71
30,71
30,71
30,71
30,71
30,71
30,71
30,71
30,71
30,71
30,71
30,71
30,71
30,71
30,71
30,71
30,71
30,71
30,71
30,71
30,71
30,71
30,71
30,71
30,71
30,71
30,71
30,71
30,71
30,71
30,71
30,71
30,71
30,71
30,71
30,71
30,71
30,71
30,71
30,71
30,71
30,71
30,71
30,71
30,71
30,71
30,71
30,71
30,71
30,71
30,71
30,71
30,71
30,71
30,71
30,71
30,71
30,71
30,71
30,71
30,71
30,71
30,71
30,71
30,71
30,71
30,71
30,71
30,71
30,71
30,71
30,71
30,71
30,71
30,71
30,71
30,71
30,71
30,71
30,71
30,71
30,71
30,71
30,71
30,71
30,71
30,71
30,71
30,71
30,71
30,71
30,71
30,71
30,71
30,71
30,71
30,71
30,71
30,71
30,71
30,71
30,71
30,71
30,71
30,71
30,71
30,71
30,71
30,71
30,71
30,71
30,71
30,71
30,71
30,71
30,71
30,71
30,71
30,71
30,71
30,71
30,71
30,71
30,71
30,71
30,71
30,71
30,71
30,71
30,71
30,71
30,71
30,71
30,71
30,71
30,71
30,71
30,71
30,71
30,71
30,71
30,71
30,71
30,71
30,71
30,71
30,71
30,71
30,71
30,71
30,71
30,71
30,71
30,71
30,71
30,71
30,71
30,71
30,71
30,71
30,71
30,71
30,71
30,71
30,71
30,71
30,71
30,71
30,71
30,71
30,71
30,71
30,71
30,71
30,71
30,71
30,71
30,71
30,71
30,71
30,71
30,71
30,71
30,71
30,71
30,71
30,71
30,71
30,71
30,71
30,71
30,71
30,71
30,71
30,71
30,71
30,71
30,71
30,71
30,71
30,71
30,71
30,71
30,71
30,71
30,71
30,71
30,71
30,71
30,71
30,71
30,71
30,71
30,71
30,71
30,71
30,71
30,71
30,71
30,71
30,71
30,71
30,71
30,71
30,71
30,71
30,71
30,71
30,71
30,71
30,71
30,71
30,71
30,71
30,71
30,71
30,71
30,71
30,71
30,71
30,71
30,71
30,71
30,71
30,71
30,71
30,71
30,71
30,71
30,71
30,71
30,71
30,71
30,71
30,71
30,71
30,71
30,71
30,71
30,71
30,71
30,71
30,71
30,71
30,71
30,71
30,71
30,71
30,71
30,71
30,71
30,71
30,71
30,71
30,71
30,71
30,71
30,71
30,71
30,71
30,71
30,71
30,71
30,71
30,71
30,71
30,71
30,71
