ID: 32
Name Arousal-VRGame2
Function LinearRegression

R: 0.2614138619 with p-val of corr 0.000393
R-square: 0.0683372072
RMSE: 0.2125072075
MSE: 0.0451593132
MAE: 0.1610896264
N* of Features 4
N* of instances 180
