ID: 32
Name Valence-VRGame1
Function LinearRegression

R: 0.0362737913 with p-val of corr 0.607392
R-square: 0.0013157879
RMSE: 0.2866560916
MSE: 0.0821717148
MAE: 0.2405317442
N* of Features 6
N* of instances 203
