ID: 33
Name Valence-VRGame1
Function BoostTreeRegression

R: 0.6715108432 with p-val of corr 0.000000
R-square: 0.4509268125
RMSE: 0.2141264011
MSE: 0.0458501156
MAE: 0.1642446151
N* of Features 5
N* of instances 273
