ID: 33
Name Valence-VR
Function BoostTreeRegression

R: 0.8282112742 with p-val of corr 0.000000
R-square: 0.6859339146
RMSE: 0.2327162939
MSE: 0.0541568734
MAE: 0.1750831516
N* of Features 9
N* of instances 442
