ID: 33
Name Valence-VRGame2
Function BoostTreeRegression

R: 0.8550180450 with p-val of corr 0.000000
R-square: 0.7310558573
RMSE: 0.1894528215
MSE: 0.0358923716
MAE: 0.1449136419
N* of Features 5
N* of instances 169
