ID: 32
Name Arousal-VRGame2
Function BoostTreeRegression

R: 0.7400856062 with p-val of corr 0.000000
R-square: 0.5477267045
RMSE: 0.1513463685
MSE: 0.0229057233
MAE: 0.1045780842
N* of Features 4
N* of instances 180
