ID: 40
Name Valence-VRGame1
Function LinearRegression

R: -0.0297206135 with p-val of corr 0.653880
R-square: 0.0008833149
RMSE: 0.5108601410
MSE: 0.2609780836
MAE: 0.4168627947
N* of Features 5
N* of instances 230
