ID: 08
Name Arousal-NOVRGame2
Function RandomForestRegression

R: 0.8116796589 with p-val of corr 0.000000
R-square: 0.6588238687
RMSE: 0.2891772949
MSE: 0.0836235079
MAE: 0.2098152603
N* of Features 6
N* of instances 179
