ID: 08
Name Valence-NOVRGame2
Function RandomForestRegression

R: 0.7823358366 with p-val of corr 0.000000
R-square: 0.6120493612
RMSE: 0.2127735836
MSE: 0.0452725979
MAE: 0.1616066838
N* of Features 4
N* of instances 179
