ID: 14
Name Valence-NOVR
Function SVMLinearRegression

R: 0.6365028525 with p-val of corr 0.000000
R-square: 0.4051358812
RMSE: 0.2208922484
MSE: 0.0487933854
MAE: 0.1840362618
N* of Features 8
N* of instances 434
