ID: 30
Name Valence-VRGame2
Function GaussianProcessRegression

R: 0.8900152604 with p-val of corr 0.000000
R-square: 0.7921271637
RMSE: 0.1359489619
MSE: 0.0184821202
MAE: 0.0800601139
N* of Features 6
N* of instances 206
