ID: 28
Name Arousal-VRGame1
Function GPRardrationalquadraticNOAUTOTUNING

R: 0.9716002308 with p-val of corr 0.000000
R-square: 0.9440070084
RMSE: 0.1181684230
MSE: 0.0139637762
MAE: 0.0636307605
N* of Features 11
N* of instances 413
