ID: 28
Name Valence-VRGame2
Function GPRardrationalquadraticNOAUTOTUNING

R: 0.8822621674 with p-val of corr 0.000000
R-square: 0.7783865321
RMSE: 0.1722065875
MSE: 0.0296551088
MAE: 0.1072751523
N* of Features 7
N* of instances 186
