ID: 24
Name Valence-Player
Function RandomForestRegression

R: 0.8762249181 with p-val of corr 0.000000
R-square: 0.7677701070
RMSE: 0.1961322680
MSE: 0.0384678665
MAE: 0.1416290927
N* of Features 12
N* of instances 762
