ID: 35
Name Arousal-VR
Function SVMLinearRegression

R: 0.4761722836 with p-val of corr 0.000000
R-square: 0.2267400437
RMSE: 0.2664806398
MSE: 0.0710119314
MAE: 0.2143411751
N* of Features 8
N* of instances 441
