ID: 14
Name Arousal-VRGame2
Function BoostTreeRegression

R: 0.9717716331 with p-val of corr 0.000000
R-square: 0.9443401069
RMSE: 0.0765923787
MSE: 0.0058663925
MAE: 0.0558481967
N* of Features 2
N* of instances 184
