ID: 14
Name Valence-VR
Function BoostTreeRegression

R: 0.7814894447 with p-val of corr 0.000000
R-square: 0.6107257522
RMSE: 0.2547388184
MSE: 0.0648918656
MAE: 0.1987195332
N* of Features 5
N* of instances 573
