ID: 14
Name Valence-VRGame2
Function BoostTreeRegression

R: 0.9439869589 with p-val of corr 0.000000
R-square: 0.8911113786
RMSE: 0.1294443664
MSE: 0.0167558440
MAE: 0.0906600189
N* of Features 2
N* of instances 184
