ID: 14
Name Arousal-VRGame1
Function LinearRegression

R: 0.3783497022 with p-val of corr 0.000000
R-square: 0.1431484972
RMSE: 0.2212631601
MSE: 0.0489573860
MAE: 0.1664869522
N* of Features 8
N* of instances 389
