ID: 14
Name Valence-VRGame2
Function LinearRegression

R: 0.5767194710 with p-val of corr 0.000000
R-square: 0.3326053482
RMSE: 0.3191020402
MSE: 0.1018261121
MAE: 0.2683381998
N* of Features 2
N* of instances 184
