ID: 39
Name Arousal-Game2
Function GPRardrationalquadraticNOAUTOTUNING

R: 0.9206266791 with p-val of corr 0.000000
R-square: 0.8475534823
RMSE: 0.1385079969
MSE: 0.0191844652
MAE: 0.0758557983
N* of Features 8
N* of instances 400
