ID: 13
Name Arousal-NOVRGame1
Function BoostTreeRegression

R: 0.5513908994 with p-val of corr 0.000000
R-square: 0.3040319240
RMSE: 0.2708290270
MSE: 0.0733483618
MAE: 0.2015031348
N* of Features 4
N* of instances 209
