ID: 13
Name Arousal-NOVR
Function BoostTreeRegression

R: 0.6569626809 with p-val of corr 0.000000
R-square: 0.4315999641
RMSE: 0.2185944413
MSE: 0.0477835298
MAE: 0.1656292751
N* of Features 5
N* of instances 391
