ID: 13
Name Valence-NOVRGame1
Function BoostTreeRegression

R: 0.5355160105 with p-val of corr 0.000000
R-square: 0.2867773975
RMSE: 0.5224326961
MSE: 0.2729359220
MAE: 0.4161384180
N* of Features 5
N* of instances 209
