ID: 13
Name Valence-NOVRGame2
Function BoostTreeRegression

R: 0.9005564898 with p-val of corr 0.000000
R-square: 0.8110019913
RMSE: 0.2112370459
MSE: 0.0446210895
MAE: 0.1512886362
N* of Features 4
N* of instances 182
