ID: 21
Name Arousal-NOVRGame2
Function SVMGaussianRegression

R: 0.5024004891 with p-val of corr 0.000000
R-square: 0.2524062515
RMSE: 0.1849090367
MSE: 0.0341913519
MAE: 0.1315107167
N* of Features 7
N* of instances 181
