ID: 08
Name Arousal-NOVR
Function GPRardrationalquadraticNOAUTOTUNING

R: 0.9416978347 with p-val of corr 0.000000
R-square: 0.8867948118
RMSE: 0.1501772861
MSE: 0.0225532173
MAE: 0.0820947467
N* of Features 10
N* of instances 441
