ID: 06
Name Valence-NOVRGame2
Function LinearRegression

R: -0.0112259234 with p-val of corr 0.868500
R-square: 0.0001260214
RMSE: 0.3964727946
MSE: 0.1571906768
MAE: 0.3239089632
N* of Features 6
N* of instances 220
