ID: 24
Name Arousal-VR
Function GaussianProcessRegression

R: 0.8937284429 with p-val of corr 0.000000
R-square: 0.7987505297
RMSE: 0.1665767364
MSE: 0.0277478091
MAE: 0.1143591899
N* of Features 7
N* of instances 395
