ID: 24
Name Valence-VRGame1
Function GaussianProcessRegression

R: 0.9371419075 with p-val of corr 0.000000
R-square: 0.8782349548
RMSE: 0.1376894567
MSE: 0.0189583865
MAE: 0.0923830874
N* of Features 6
N* of instances 211
