ID: 25
Name Arousal-VR
Function SVMLinearRegression

R: 0.5230997388 with p-val of corr 0.000000
R-square: 0.2736333367
RMSE: 0.4560800303
MSE: 0.2080089940
MAE: 0.3665217332
N* of Features 4
N* of instances 422
