ID: 25
Name Valence-VR
Function SVMLinearRegression

R: 0.3868861234 with p-val of corr 0.000000
R-square: 0.1496808725
RMSE: 0.4379679879
MSE: 0.1918159584
MAE: 0.3347466442
N* of Features 8
N* of instances 422
