ID: 25
Name Valence-VRGame1
Function SVMLinearRegression

R: 0.2852191891 with p-val of corr 0.000007
R-square: 0.0813499858
RMSE: 0.4947062399
MSE: 0.2447342638
MAE: 0.3896896273
N* of Features 10
N* of instances 242
