ID: 35
Name Valence-Player
Function BoostTreeRegression

R: 0.6286761687 with p-val of corr 0.000000
R-square: 0.3952337250
RMSE: 0.2895994414
MSE: 0.0838678365
MAE: 0.2273431259
N* of Features 11
N* of instances 817
