ID: 39
Name Arousal-NOVRGame2
Function GPRardrationalquadraticNOAUTOTUNING

R: 0.9790900496 with p-val of corr 0.000000
R-square: 0.9586173252
RMSE: 0.0711653365
MSE: 0.0050645051
MAE: 0.0409692769
N* of Features 6
N* of instances 199
