ID: 39
Name Arousal-NOVRGame1
Function GPRardrationalquadraticNOAUTOTUNING

R: 0.9568281443 with p-val of corr 0.000000
R-square: 0.9155200977
RMSE: 0.1561603371
MSE: 0.0243860509
MAE: 0.0867209007
N* of Features 9
N* of instances 222
