ID: 35
Name Arousal-Player
Function RandomForestRegression

R: 0.8690398869 with p-val of corr 0.000000
R-square: 0.7552303250
RMSE: 0.1495146080
MSE: 0.0223546180
MAE: 0.1075174528
N* of Features 11
N* of instances 817
