ID: 14
Name Arousal-NOVRGame2
Function BoostTreeRegression

R: 0.9478144795 with p-val of corr 0.000000
R-square: 0.8983522875
RMSE: 0.0533408715
MSE: 0.0028452486
MAE: 0.0327193193
N* of Features 5
N* of instances 184
