ID: 14
Name Valence-NOVR
Function BoostTreeRegression

R: 0.8501690695 with p-val of corr 0.000000
R-square: 0.7227874467
RMSE: 0.1498838815
MSE: 0.0224651779
MAE: 0.1151401717
N* of Features 8
N* of instances 434
