ID: 14
Name Valence-NOVRGame1
Function BoostTreeRegression

R: 0.8865206596 with p-val of corr 0.000000
R-square: 0.7859188800
RMSE: 0.1100483826
MSE: 0.0121106465
MAE: 0.0815755582
N* of Features 8
N* of instances 250
