ID: 14
Name Valence-NOVRGame2
Function BoostTreeRegression

R: 0.8719907523 with p-val of corr 0.000000
R-square: 0.7603678721
RMSE: 0.1157408477
MSE: 0.0133959438
MAE: 0.0755679956
N* of Features 6
N* of instances 184
