ID: 05
Name Arousal-NOVRGame2
Function RandomForestRegression

R: 0.8531077570 with p-val of corr 0.000000
R-square: 0.7277928450
RMSE: 0.1164494335
MSE: 0.0135604706
MAE: 0.0827593071
N* of Features 5
N* of instances 181
