ID: 34
Name Arousal-NOVRGame1
Function BoostTreeRegression

R: 0.8373916533 with p-val of corr 0.000000
R-square: 0.7012247810
RMSE: 0.2180904568
MSE: 0.0475634473
MAE: 0.1641889232
N* of Features 5
N* of instances 203
