ID: 34
Name Arousal-NOVRGame2
Function BoostTreeRegression

R: 0.7888738681 with p-val of corr 0.000000
R-square: 0.6223219798
RMSE: 0.1228613879
MSE: 0.0150949206
MAE: 0.0789085757
N* of Features 5
N* of instances 175
