ID: 05
Name Valence-VRGame2
Function GPRardrationalquadraticNOAUTOTUNING

R: 0.8697671403 with p-val of corr 0.000000
R-square: 0.7564948783
RMSE: 0.1177386586
MSE: 0.0138623917
MAE: 0.0816060287
N* of Features 2
N* of instances 170
