ID: 04
Name Arousal-VRGame2
Function BoostTreeRegression

R: 0.9142913838 with p-val of corr 0.000000
R-square: 0.8359287345
RMSE: 0.0871819563
MSE: 0.0076006935
MAE: 0.0639022205
N* of Features 5
N* of instances 190
