ID: 21
Name Arousal-NOVRGame1
Function SVMLinearRegression

R: 0.3139300896 with p-val of corr 0.000002
R-square: 0.0985521011
RMSE: 0.2859784907
MSE: 0.0817836971
MAE: 0.1624706907
N* of Features 8
N* of instances 222
