ID: 21
Name Arousal-NOVR
Function SVMLinearRegression

R: 0.3813159488 with p-val of corr 0.000000
R-square: 0.1454018528
RMSE: 0.2431770855
MSE: 0.0591350949
MAE: 0.1549685415
N* of Features 5
N* of instances 403
