ID: 27
Name Arousal-NOVR
Function GaussianProcessRegression

R: 0.9788986129 with p-val of corr 0.000000
R-square: 0.9582424944
RMSE: 0.0706429189
MSE: 0.0049904220
MAE: 0.0394931748
N* of Features 11
N* of instances 395
