ID: 27
Name Valence-NOVR
Function GaussianProcessRegression

R: 0.9480118136 with p-val of corr 0.000000
R-square: 0.8987263987
RMSE: 0.0957206991
MSE: 0.0091624522
MAE: 0.0596326810
N* of Features 7
N* of instances 395
