ID: 18
Name Arousal-VRGame2
Function BoostTreeRegression

R: 0.9645286924 with p-val of corr 0.000000
R-square: 0.9303155985
RMSE: 0.1905383528
MSE: 0.0363048639
MAE: 0.1369108244
N* of Features 7
N* of instances 202
