ID: 38
Name Valence-VRGame1
Function SVMGaussianRegression

R: 0.6400878199 with p-val of corr 0.000000
R-square: 0.4097124172
RMSE: 0.1645725621
MSE: 0.0270841282
MAE: 0.1361159443
N* of Features 9
N* of instances 186
