ID: 17
Name Arousal-NOVRGame1
Function GaussianProcessRegression

R: 0.9762379095 with p-val of corr 0.000000
R-square: 0.9530404560
RMSE: 0.0931309506
MSE: 0.0086733740
MAE: 0.0643809505
N* of Features 6
N* of instances 183
