ID: 24
Name Arousal-NOVRGame2
Function RandomForestRegression

R: 0.7543926233 with p-val of corr 0.000000
R-square: 0.5691082301
RMSE: 0.1813220097
MSE: 0.0328776712
MAE: 0.1470958582
N* of Features 11
N* of instances 179
