ID: 24
Name Valence-NOVRGame2
Function RandomForestRegression

R: 0.8531661240 with p-val of corr 0.000000
R-square: 0.7278924352
RMSE: 0.1673786859
MSE: 0.0280156245
MAE: 0.1186363343
N* of Features 7
N* of instances 179
