ID: 14
Name Arousal-VRGame1
Function GaussianProcessRegression

R: 0.9742521170 with p-val of corr 0.000000
R-square: 0.9491671875
RMSE: 0.0502728953
MSE: 0.0025273640
MAE: 0.0243378298
N* of Features 8
N* of instances 389
