ID: 14
Name Valence-VRGame2
Function GaussianProcessRegression

R: 0.9260895059 with p-val of corr 0.000000
R-square: 0.8576417729
RMSE: 0.1484436814
MSE: 0.0220355265
MAE: 0.1098351763
N* of Features 2
N* of instances 184
