ID: 22
Name Valence-NOVRGame2
Function GaussianProcessRegression

R: 0.8338133013 with p-val of corr 0.000000
R-square: 0.6952446214
RMSE: 0.2309574013
MSE: 0.0533413212
MAE: 0.1450958763
N* of Features 5
N* of instances 199
