ID: 20
Name Valence-Game1
Function GPRardrationalquadraticNOAUTOTUNING

R: 0.8998262964 with p-val of corr 0.000000
R-square: 0.8096873637
RMSE: 0.2179973188
MSE: 0.0475228310
MAE: 0.1287985646
N* of Features 8
N* of instances 415
