ID: 04
Name Valence-VR
Function RandomForestRegression

R: 0.9389992128 with p-val of corr 0.000000
R-square: 0.8817195216
RMSE: 0.0806994147
MSE: 0.0065123955
MAE: 0.0571523415
N* of Features 12
N* of instances 418
