ID: 30
Name Arousal-NOVRGame2
Function GPRardrationalquadraticNOAUTOTUNING

R: 0.9608045586 with p-val of corr 0.000000
R-square: 0.9231453997
RMSE: 0.0444699654
MSE: 0.0019775778
MAE: 0.0217744695
N* of Features 5
N* of instances 179
