ID: 30
Name Valence-NOVRGame2
Function GPRardrationalquadraticNOAUTOTUNING

R: 0.9508443228 with p-val of corr 0.000000
R-square: 0.9041049261
RMSE: 0.0470969720
MSE: 0.0022181248
MAE: 0.0231399543
N* of Features 5
N* of instances 179
