ID: 37
Name Arousal-NOVRGame2
Function SVMGaussianRegression

R: 0.3062714450 with p-val of corr 0.000004
R-square: 0.0938021980
RMSE: 0.0719813532
MSE: 0.0051813152
MAE: 0.0473138565
N* of Features 4
N* of instances 220
